-1.3575038864110425,-0.4670392406905609
-1.3575038443002725,-0.4670392204747334
-1.3575038014226377,-0.4670392004627874
-1.3575037572740438,-0.4670391806136413
-1.3575037110122679,-0.46703916085492336
-1.357503661476104,-0.4670391410857865
-1.35750360719971,-0.46703912117930935
-1.3575035464226417,-0.46703910098450163
-1.3575034770961536,-0.46703908032795866
-1.3575033968862558,-0.46703905901521825
-1.3575033031739236,-0.46703903683181636
-1.3575031930529589,-0.467039013544126
-1.357503063325803,-0.46703898889996043
-1.3575029104976757,-0.4670389626289956
-1.3575027307693726,-0.4670389344430337
-1.3575025200289306,-0.46703890403611037
-1.3575022738425107,-0.4670388710844963
-1.3575019874446703,-0.467038835246588
-1.35750165572824,-0.467038796162719
-1.357501273234033,-0.46703875345490414
-1.357500834140467,-0.4670387067265169
-1.357500332253354,-0.46703865556194185
-1.357499760995918,-0.46703859952618787
-1.3574991133991678,-0.46703853816448193
-1.3574983820927657,-0.46703847100186296
-1.3574975592964034,-0.46703839754275583
-1.357496636811846,-0.4670383172705708
-1.3574956060156531,-0.4670382296473033
-1.3574944578526424,-0.46703813411315576
-1.3574931828301684,-0.46703803008619155
-1.3574917710131764,-0.4670379169619977
-1.3574902120201555,-0.4670377941133984
-1.3574884950199455,-0.46703766089019333
-1.35748660872942,-0.4670375166189366
-1.3574845414120829,-0.46703736060276013
-1.3574822808775204,-0.4670371921212259
-1.3574798144817697,-0.467037010430233
-1.3574771291285583,-0.46703681476196296
-1.3574742112714016,-0.4670366043248722
-1.3574710469165745,-0.4670363783037279
-1.357467621626863,-0.4670361358596838
-1.357463920526173,-0.4670358761304067
-1.3574599283049014,-0.46703559823024426
-1.3574556292260471,-0.46703530125043113
-1.3574510071320876,-0.4670349842593504
-1.357446045452493,-0.4670346463028147
-1.3574407272119462,-0.467034286404405
-1.3574350350391673,-0.46703390356583835
-1.3574289511763664,-0.4670334967673821
-1.3574224574891873,-0.467033064968283
-1.3574155354772375,-0.46703260710725303
-1.3574081662850757,-0.4670321221029712
-1.3574003307136382,-0.46703160885461886
-1.3573920092321181,-0.4670310662424528
-1.3573831819901527,-0.46703049312838213
-1.3573738288304091,-0.4670298883565917
-1.3573639293014461,-0.4670292507541739
-1.3573534626708335,-0.46702857913178614
-1.3573424079385323,-0.4670278722843282
-1.3573307438504223,-0.46702712899162524
-1.3573184489120238,-0.46702634801913695
-1.3573055014023352,-0.46702552811867143
-1.357291879387757,-0.4670246680291122
-1.3572775607360956,-0.4670237664771586
-1.3572625231305506,-0.4670228221780565
-1.3572467440837364,-0.4670218338363505
-1.3572302009516601,-0.4670208001466301
-1.357212870947622,-0.4670197197942795
-1.3571947311560535,-0.46701859145623
-1.3571757585461857,-0.46701741380169676
-1.357155929985619,-0.467016185492927
-1.357135222253694,-0.4670149051859348
-1.3571136120546703,-0.4670135715312274
-1.3570910760307033,-0.4670121831745315
-1.3570675907745302,-0.46701073875749183
-1.3570431328419423,-0.46700923691837815
-1.3570176787639403,-0.4670076762927642
-1.356991205058604,-0.4670060555142053
-1.3569636882426064,-0.4670043732148838
-1.3569351048424212,-0.4670026280262526
-1.35690543140515,-0.46700081857965614
-1.3568746445089768,-0.4669989435069281
-1.356842720773248,-0.4669970014409802
-1.356809636868126,-0.46699499101635317
-1.356775369523836,-0.4669929108697629
-1.3567398955395,-0.46699075964061404
-1.356703191791502,-0.46698853597149137
-1.3566652352414432,-0.4669862385086379
-1.3566260029435897,-0.46698386590238616
-1.3565854720518973,-0.46698141680758515
-1.3565436198265426,-0.46697888988399217
-1.3565004236399714,-0.46697628379663725
-1.3564558609824824,-0.46697359721616966
-1.356409909467278,-0.46697082881915863
-1.3563625468350669,-0.46696797728838874
-1.3563137509581369,-0.46696504131311184
-1.3562634998439418,-0.4669620195892753
-1.356211771638192,-0.4669589108197271
-1.3561585446274103,-0.4669557137143816
-1.3561037972410204,-0.46695242699036427
-1.356047508052914,-0.4669490493721278
-1.3559896557825186,-0.46694557959153454
-1.3559302192953802,-0.46694201638791893
-1.3558691776032112,-0.4669383585081074
-1.3558065098634833,-0.4669346047064228
-1.3557421953785112,-0.46693075374465376
-1.35567621359405,-0.4669268043919957
-1.35560854409743,-0.46692275542497236
-1.3555391666151773,-0.4669186056273118
-1.3554680610102003,-0.466914353789812
-1.3553952072785014,-0.46690999871017125
-1.355320585545428,-0.4669055391927913
-1.3552441760614917,-0.4669009740485636
-1.3551659591977159,-0.46689630209460786
-1.3550859154405817,-0.4668915221540113
-1.3550040253865374,-0.46688663305552275
-1.3549202697361,-0.4668816336332325
-1.3548346292875573,-0.4668765227262288
-1.3547470849302505,-0.46687129917821824
-1.3546576176375096,-0.4668659618371393
-1.354566208459196,-0.46686050955474334
-1.3544728385138864,-0.4668549411861572
-1.3543774889807274,-0.46684925558942814
-1.3542801410909113,-0.46684345162503854
-1.3541807761188667,-0.46683752815540985
-1.3540793753731244,-0.4668314840443845
-1.353975920186867,-0.466825318156689
-1.3538703919082353,-0.4668190293573856
-1.353762771890297,-0.46681261651129385
-1.3536530414808128,-0.46680607848240685
-1.353541182011725,-0.4667994141332923
-1.3534271747884161,-0.46679262232447216
-1.3533110010787834,-0.46678570191380137
-1.3531926421020366,-0.46677865175581273
-1.3530720790173743,-0.46677147070107405
-1.3529492929124514,-0.46676415759551576
-1.3528242647916837,-0.4667567112797559
-1.3526969755644345,-0.4667491305884244
-1.3525674060330137,-0.46674141434945443
-1.352435536880607,-0.46673356138339206
-1.352301348659088,-0.466725570502684
-1.3521648217767275,-0.4667174405109638
-1.3520259364858567,-0.4667091702023381
-1.3518846728704375,-0.46670075836065505
-1.3517410108336054,-0.46669220375878306
-1.3515949300851922,-0.4666835051578814
-1.3514464101292087,-0.46667466130666857
-1.3512954302513631,-0.4666656709406954
-1.351141969506544,-0.46665653278160857
-1.3509860067063724,-0.4666472455364228
-1.3508275204067792,-0.466637807896795
-1.3506664888956434,-0.4666282185382974
-1.350502890180508,-0.46661847611969925
-1.3503367019763601,-0.46660857928224564
-1.3501679016935317,-0.4665985266489489
-1.3499964664257047,-0.46658831682388147
-1.3498223729380388,-0.4665779483914781
-1.3496455976554607,-0.46656741991585127
-1.349466116651065,-0.46655672994009734
-1.3492839056347241,-0.4665458769856352
-1.3490989399418496,-0.46653485955153706
-1.3489111945223604,-0.4665236761138789
-1.3487206439298567,-0.4665123251251066
-1.3485272623109892,-0.4665008050133977
-1.3483310233950838,-0.4664891141820571
-1.3481319004839907,-0.4664772510089104
-1.347929866442185,-0.4664652138457219
-1.347724893687161,-0.4664530010176261
-1.347516954180037,-0.4664406108225685
-1.347306019416511,-0.4664280415307702
-1.3470920604180776,-0.46641529138420856
-1.346875047723553,-0.4664023585961105
-1.3466549513809376,-0.4663892413504779
-1.346431740939562,-0.4663759378016101
-1.3462053854426064,-0.46636244607366706
-1.3459758534199524,-0.46634876426024074
-1.3457431128813673,-0.4663348904239494
-1.3455071313100972,-0.46632082259606156
-1.345267875656758,-0.46630655877612326
-1.3450253123336613,-0.46629209693162577
-1.344779407209509,-0.4662774349976873
-1.3445301256044555,-0.46626257087675727
-1.344277432285606,-0.46624750243835134
-1.3440212914628749,-0.46623222751879695
-1.3437616667852816,-0.46621674392101436
-1.3434985213376758,-0.4662010494143255
-1.3432318176378122,-0.466185141734265
-1.3429615176339618,-0.46616901858245285
-1.342687582702842,-0.4661526776264548
-1.342409973648045,-0.4661361164996929
-1.3421286506989092,-0.46611933280138096
-1.3418435735097565,-0.4661023240964643
-1.3415547011596933,-0.46608508791562103
-1.3412619921527391,-0.466067621755253
-1.340965404418476,-0.46604992307753174
-1.340664895313151,-0.4660319893104623
-1.340360421621154,-0.4660138178479568
-1.3400519395570747,-0.465995406049972
-1.3397394047680924,-0.4659767512426348
-1.3394227723368868,-0.46595785071841994
-1.339101996785016,-0.46593870173635016
-1.338777032076674,-0.46591930152220934
-1.3384478316230093,-0.46589964726881034
-1.3381143482867977,-0.4658797361362575
-1.3377765343876236,-0.46585956525226013
-1.3374343417075187,-0.4658391317124701
-1.3370877214969916,-0.4658184325808278
-1.336736624481573,-0.46579746488995927
-1.3363810008687569,-0.4657762256415816
-1.3360208003554028,-0.4657547118069463
-1.3356559721355812,-0.4657329203273045
-1.3352864649088239,-0.4657108481143913
-1.3349122268888407,-0.46568849205094925
-1.3345332058126291,-0.46566584899126656
-1.3341493489500291,-0.46564291576174266
-1.333760603113692,-0.4656196891614891
-1.3333669146694334,-0.46559616596293374
-1.3329682295470207,-0.46557234291246824
-1.3325644932513556,-0.4655482167311136
-1.3321556508740295,-0.46552378411520384
-1.3317416471053032,-0.46549904173710477
-1.3313224262464167,-0.4654739862459398
-1.330897932222321,-0.46544861426835143
-1.3304681085947432,-0.46542292240927935
-1.330032898575623,-0.4653969072527575
-1.3295922450409208,-0.4653705653627424
-1.3291460905447061,-0.4653438932839459
-1.3286943773336577,-0.465316887542701
-1.328237047361844,-0.4652895446478461
-1.327774042305823,-0.46526186109161877
-1.327305303580084,-0.46523383335058327
-1.3268307723527395,-0.46520545788655965
-1.3263503895615518,-0.4651767311475823
-1.325864095930224,-0.465147649568871
-1.325371831984952,-0.46511820957381733
-1.3248735380712737,-0.4650884075749934
-1.3243691543711213,-0.4650582399751626
-1.3238586209201577,-0.4650277031683183
-1.3233418776253223,-0.4649967935407301
-1.3228188642826078,-0.4649655074720028
-1.3222895205950624,-0.46493384133615673
-1.3217537861909439,-0.46490179150270255
-1.3212116006421224,-0.46486935433774473
-1.320662903482624,-0.4648365262050893
-1.3201076342273632,-0.46480330346735954
-1.3195457323910262,-0.464769682487129
-1.3189771375070867,-0.46473565962804814
-1.3184017891469737,-0.4647012312559964
-1.317819626939365,-0.4646663937402327
-1.3172305905895738,-0.46463114345455026
-1.3166346198990757,-0.4645954767784526
-1.3160316547850601,-0.46455939009830743
-1.3154216353001285,-0.4645228798085361
-1.3148045016520236,-0.464485942312787
-1.3141801942234048,-0.4644485740251137
-1.3135486535917251,-0.4644107713711767
-1.3129098205490461,-0.46437253078940954
-1.3122636361219664,-0.46433384873222283
-1.3116100415915097,-0.46429472166718994
-1.3109489785130142,-0.46425514607823226
-1.3102803887360477,-0.464215118466819
-1.30960421442423,-0.4641746353531403
-1.3089203980750828,-0.46413369327730447
-1.3082288825398163,-0.4640922888005168
-1.3075296110430206,-0.46405041850625584
-1.306822527202371,-0.4640080790014597
-1.306107575048144,-0.4639652669176812
-1.305384699042741,-0.46392197891226733
-1.3046538441000606,-0.46387821166951243
-1.3039149556047547,-0.4638339619018084
-1.3031679794314135,-0.46378922635080266
-1.3024128619635338,-0.46374400178851855
-1.301649550112421,-0.4636982850184993
-1.3008779913359085,-0.46365207287692217
-1.3000981336568833,-0.46360536223370524
-1.2993099256817169,-0.4635581499936206
-1.298513316618406,-0.4635104330973668
-1.2977082562946156,-0.46346220852265907
-1.296894695175479,-0.46341347328529403
-1.2960725843811525,-0.4633642244401913
-1.2952418757042423,-0.4633144590824539
-1.294402521626887,-0.4632641743483741
-1.2935544753376893,-0.46321336741645847
-1.2926976907483745,-0.4631620355084236
-1.2918321225101435,-0.4631101758901683
-1.2909577260298697,-0.46305778587275936
-1.2900744574859007,-0.4630048628133607
-1.289182273843669,-0.46295140411617947
-1.2882811328709862,-0.4628974072333832
-1.287370993153007,-0.46284286966598587
-1.2864518141069763,-0.4627877889647478
-1.285523555996563,-0.46273216273101986
-1.2845861799459526,-0.462675988617596
-1.283639647953605,-0.46261926432953987
-1.282683922905624,-0.4625619876249758
-1.2817189685889048,-0.4625041563158933
-1.2807447497038071,-0.46244576826889167
-1.2797612318765865,-0.46238682140593446
-1.2787683816714361,-0.4623273137050724
-1.2777661666021238,-0.4622672432011308
-1.2767545551433799,-0.46220660798641017
-1.2757335167417807,-0.462145406211324
-1.2747030218263717,-0.4620836360850429
-1.2736630418188615,-0.46202129587610913
-1.2726135491434154,-0.4619583839130156
-1.2715545172361438,-0.46189489858478805
-1.2704859205541117,-0.4618308383415153
-1.2694077345840102,-0.4617662016948756
-1.2683199358504436,-0.4617009872186357
-1.267222501923748,-0.46163519354911314
-1.2661154114275162,-0.4615688193856396
-1.2649986440456318,-0.46150186349097727
-1.2638721805289383,-0.4614343246917194
-1.262736002701512,-0.46136620187867405
-1.2615900934664783,-0.4612974940072032
-1.2604344368115004,-0.46122820009756743
-1.25926901781377,-0.46115831923521494
-1.258093822644652,-0.4610878505710684
-1.256908838573897,-0.46101679332178025
-1.2557140539734073,-0.460945146769949
-1.254509458320673,-0.46087291026434435
-1.2532950422017073,-0.46080008322007165
-1.2520707973136278,-0.4607266651187327
-1.25083671646681,-0.4606526555085627
-1.2495927935866051,-0.46057805400452123
-1.2483390237147132,-0.4605028602883935
-1.2470754030100741,-0.4604270741088334
-1.2458019287493984,-0.4603506952814031
-1.244518599327288,-0.46027372368858344
-1.2432254142559138,-0.4601961592797494
-1.2419223741643708,-0.46011800207114484
-1.2406094807975525,-0.4600392521458091
-1.23928673701467,-0.45995990965349287
-1.2379541467873925,-0.4598799748105527
-1.2366117151975307,-0.4597994478998043
-1.235259448434432,-0.4597183292703836
-1.2338973537918967,-0.4596366193375516
-1.23252543966476,-0.45955431858249857
-1.2311437155451124,-0.4594714275521214
-1.2297521920180783,-0.45938794685876194
-1.228350880757316,-0.4593038771799568
-1.2269397945200782,-0.45921921925813053
-1.2255189471419337,-0.4591339739002843
-1.2240883535311748,-0.4590481419776733
-1.222648029662775,-0.45896172442542893
-1.2211979925721164,-0.4588747222422023
-1.2197382603482831,-0.45878713648975694
-1.2182688521270535,-0.45869896829254897
-1.216789788083587,-0.4586102188373024
-1.2153010894247056,-0.4585208893725318
-1.213802778380953,-0.4584309812080875
-1.2122948781982608,-0.4583404957146469
-1.2107774131293294,-0.45824943432320014
-1.2092504084247455,-0.458157798524532
-1.2077138903237041,-0.4580655898686502
-1.206167886044559,-0.4579728099642399
-1.2046124237749938,-0.45787946047806566
-1.2030475326619432,-0.4577855431343697
-1.201473242801285,-0.45769105971427015
-1.1998895852271692,-0.4575960120551023
-1.1982965919011965,-0.4575004020497921
-1.1966942957012627,-0.45740423164618094
-1.1950827304101799,-0.4573075028463429
-1.1934619307041048,-0.45721021770590775
-1.1918319321406312,-0.4571123783333309
-1.190192771146777,-0.45701398688919104
-1.188544485006659,-0.4569150455854475
-1.186887111848994,-0.45681555668469115
-1.1852206906344223,-0.456715522499397
-1.1835452611425545,-0.45661494539113684
-1.1818608639589219,-0.4565138277698099
-1.1801675404616763,-0.45641217209284424
-1.1784653328081351,-0.4563099808643895
-1.1767542839211884,-0.4562072566345156
-1.175034437475476,-0.45610400199837137
-1.1733058378834766,-0.45600021959536396
-1.1715685302814267,-0.4558959121083157
-1.1698225605150787,-0.45579108226260445
-1.1680679751253815,-0.4556857328253253
-1.1663048213339586,-0.45557986660440003
-1.1645331470285538,-0.455473486447725
-1.1627530007483013,-0.4553665952422817
-1.1609644316689212,-0.45525919591325176
-1.159167489587843,-0.45515129142313493
-1.157362224909172,-0.4550428847708379
-1.1555486886286537,-0.45493397899078475
-1.1537269323185206,-0.4548245771520087
-1.1518970081122684,-0.45471468235723744
-1.1500589686894207,-0.45460429774199057
-1.1482128672601657,-0.4544934264736493
-1.146358757550025,-0.4543820717505498
-1.1444966937844354,-0.45427023680105616
-1.1426267306733107,-0.45415792488263307
-1.140748923395612,-0.4540451392809358
-1.1388633275838342,-0.4539318833088665
-1.1369699993085518,-0.45381816030565925
-1.1350689950629198,-0.4537039736359509
-1.1331603717471863,-0.4535893266888513
-1.1312441866532406,-0.4534742228770283
-1.1293204974491196,-0.4533586656357664
-1.1273893621636093,-0.4532426584220572
-1.125450839170819,-0.453126204713672
-1.123504987174809,-0.45300930800823935
-1.1215518651942986,-0.4528919718223388
-1.119591532547339,-0.452774199690572
-1.1176240488361204,-0.45265599516466143
-1.1156494739318101,-0.452537361812544
-1.113667867959421,-0.4524183032174547
-1.1116792912828404,-0.4522988229770484
-1.1096838044898263,-0.45217892470248433
-1.1076814683771776,-0.4520586120175489
-1.1056723439359541,-0.45193788855777023
-1.1036564923367647,-0.45181675796952875
-1.1016339749152364,-0.4516952239092043
-1.099604853157486,-0.4515732900422882
-1.0975691886857792,-0.4514509600425362
-1.0955270432442783,-0.45132823759111484
-1.0934784786848777,-0.45120512637574417
-1.0914235569532438,-0.4510816300898777
-1.0893623400748873,-0.4509577524318523
-1.0872948901414345,-0.45083349710407694
-1.0852212692970347,-0.45070886781221764
-1.0831415397248465,-0.45058386826438107
-1.081055763633776,-0.4504585021703331
-1.0789640032452537,-0.4503327732406943
-1.0768663207802485,-0.45020668518616974
-1.0747627784464078,-0.45008024171678135
-1.0726534384253348,-0.44995344654109404
-1.0705383628601097,-0.44982630336548596
-1.0684176138428716,-0.449698815893389
-1.0662912534026676,-0.4495709878245695
-1.0641593434934349,-0.44944282285441134
-1.0620219459821456,-0.44931432467319254
-1.0598791226371873,-0.44918549696540766
-1.0577309351168709,-0.4490563434090657
-1.0555774449581623,-0.44892686767502016
-1.0534187135656023,-0.4487970734263094
-1.0512548022003774,-0.4486669643174904
-1.0490857719696678,-0.4485365439940167
-1.0469116838161092,-0.44840581609159447
-1.0447325985074998,-0.4482747842355709
-1.0425485766267133,-0.4481434520403341
-1.0403596785617708,-0.44801182310870624
-1.0381659644961923,-0.4478799010313819
-1.035967494399479,-0.4477476893863448
-1.033764328017856,-0.44761519173831926
-1.0315565248652152,-0.44748241163823044
-1.0293441442142428,-0.44734935262266184
-1.0271272450878142,-0.4472160182133549
-1.0249058862505471,-0.4470824119166915
-1.0226801262006058,-0.4469485372232069
-1.020450023161725,-0.4468143976071162
-1.018215635075407,-0.44667999652583557
-1.015977019593409,-0.4465453374195471
-1.0137342340703872,-0.4464104237107465
-1.0114873355567888,-0.4462752588038226
-1.009236380791973,-0.4461398460846478
-1.006981426197514,-0.4460041889201645
-1.0047225278707872,-0.44586829065802047
-1.0024597415787144,-0.44573215462617743
-1.0001931227517704,-0.44559578413255985
-0.9979227264782043,-0.4454591824647101
-0.9956486074984545,-0.4453223528894447
-0.9933708201998407,-0.4451852986525515
-0.9910894186114209,-0.44504802297846696
-0.9888044563991003,-0.44491052906999234
-0.986515986860965,-0.4447728201080139
-0.984224062922797,-0.4446348992512253
-0.9819287371338721,-0.44449676963589035
-0.9796300616629193,-0.44435843437558986
-0.977328088294316,-0.44421989656099686
-0.9750228684245417,-0.444081159259671
-0.9727144530587534,-0.4439422255158391
-0.9704028928076972,-0.4438030983502274
-0.9680882378847353,-0.44366378075987245
-0.9657705381031307,-0.44352427571795916
-0.9634498428735628,-0.443384586173683
-0.9611262012017888,-0.44324471505209256
-0.9587996616866031,-0.4431046652539849
-0.9564702725179323,-0.442964439655783
-0.9541380814751625,-0.44282404110943346
-0.9518031359257118,-0.44268347244233347
-0.9494654828237213,-0.4425427364572363
-0.9471251687090471,-0.44240183593220633
-0.9447822397063825,-0.4422607736205594
-0.9424367415246055,-0.442119552250822
-0.9400887194563514,-0.44197817452671884
-0.9377382183777113,-0.4418366431271365
-0.9353852827482191,-0.4416949607061416
-0.9330299566109522,-0.44155312989297696
-0.9306722835928598,-0.4414111532920812
-0.9283123069053033,-0.4412690334831352
-0.9259500693447121,-0.4411267730210807
-0.9235856132935171,-0.44098437443619865
-0.9212189807211972,-0.44084184023415873
-0.9188502131855337,-0.4406991728960998
-0.9164793518340705,-0.44055637487872357
-0.914106437405692,-0.4404134486143798
-0.9117315102324379,-0.44027039651118505
-0.90935461024146,-0.4401272209531383
-0.9069757769571484,-0.4399839243002459
-0.9045950495034589,-0.43984050888867127
-0.9022124666063621,-0.4396969770308734
-0.8998280665965007,-0.4395533310157721
-0.8974418874119817,-0.43940957310891776
-0.8950539666013451,-0.43926570555266775
-0.8926643413266904,-0.4391217305663779
-0.890273048366948,-0.4389776503465984
-0.8878801241213234,-0.4388334670672831
-0.8854856046128811,-0.438689182880005
-0.8830895254922824,-0.43854479991418316
-0.880691922041676,-0.43840032027731657
-0.8782928291787252,-0.4382557460552277
-0.8758922814607872,-0.4381110793123157
-0.8734903130892309,-0.4379663220918163
-0.8710869579138937,-0.43782147641607133
-0.8686822494376736,-0.43767654428680625
-0.8662762208212638,-0.43753152768541653
-0.8638689048880054,-0.4373864285732581
-0.8614603341288863,-0.43724124889195387
-0.8590505407076611,-0.4370959905636993
-0.8566395564660905,-0.43695065549158013
-0.8542274129293181,-0.43680524555989697
-0.851814141311356,-0.43665976263449785
-0.8493997725206988,-0.43651420856311546
-0.846984337166048,-0.4363685851757148
-0.8445678655621555,-0.4362228942848443
-0.8421503877357774,-0.43607713768599854
-0.8397319334317397,-0.43593131715798084
-0.8373125321191112,-0.43578543446327983
-0.8348922129974838,-0.43563949134844776
-0.832471005003354,-0.43549348954448547
-0.8300489368166107,-0.43534743076723487
-0.8276260368671191,-0.43520131671777845
-0.825202333341401,-0.4350551490828404
-0.8227778541894165,-0.43490892953519866
-0.8203526271314321,-0.43476265973410017
-0.817926679664985,-0.43461634132568094
-0.8155000390719335,-0.43446997594339254
-0.8130727324255959,-0.43432356520843546
-0.810644786597973,-0.4341771107301932
-0.8082162282670581,-0.43403061410667704
-0.8057870839242196,-0.43388407692497083
-0.8033573798816702,-0.433737500761684
-0.8009271422800087,-0.43359088718340716
-0.7984963970958383,-0.4334442377471741
-0.796065170149458,-0.43329755400092534
-0.79363348711262,-0.43315083748397937
-0.791201373516365,-0.4330040897275063
-0.7887688547589169,-0.4328573122550061
-0.7863359561136412,-0.43271050658278903
-0.7839027027370757,-0.43256367422046305
-0.7814691196770119,-0.43241681667142406
-0.7790352318806401,-0.43226993543334713
-0.776601064202749,-0.432123031998683
-0.774166641413988,-0.4319761078551614
-0.7717319882091681,-0.4318291644862901
-0.7692971292156306,-0.43168220337186464
-0.7668620890016506,-0.43153522598847577
-0.7644268920848976,-0.4313882338100239
-0.7619915629409382,-0.4312412283082318
-0.7595561260117805,-0.4310942109531648
-0.7571206057144594,-0.43094718321374903
-0.754685026449669,-0.430800146558297
-0.7522494126104238,-0.43065310245503063
-0.749813788590757,-0.43050605237260986
-0.7473781787944601,-0.4303589977806612
-0.7449426076438429,-0.43021194015031056
-0.7425070995885322,-0.4300648809547156
-0.7400716791142962,-0.4299178216696011
-0.7376363707518925,-0.4297707637737962
-0.7352011990859405,-0.42962370874977274
-0.7327661887638207,-0.42947665808418317
-0.7303313645045871,-0.429329613268404
-0.727896751107901,-0.42918257579907615
-0.725462373462984,-0.4290355471786496
-0.7230282565575762,-0.4288885289159242
-0.7205944254869181,-0.4287415225265988
-0.71816090546273,-0.4285945295338132
-0.7157277218222086,-0.4284475514686951
-0.7132949000370284,-0.428300589870908
-0.7108624657223387,-0.42815364628919467
-0.7084304446457723,-0.4280067222819271
-0.7059988627364467,-0.4278598194176506
-0.7035677460939679,-0.4277129392756327
-0.7011371209974235,-0.4275660834464069
-0.6987070139143731,-0.4274192535323223
-0.6962774515098251,-0.4272724511480841
-0.6938484606552098,-0.4271256779213034
-0.6914200684373255,-0.4269789354930376
-0.6889923021672834,-0.42683222551833494
-0.6865651893894212,-0.42668554966677613
-0.6841387578902035,-0.42653890962301494
-0.6817130357070942,-0.42639230708731707
-0.679288051137407,-0.42624574377609864
-0.6768638327471266,-0.4260992214224622
-0.674440409379694,-0.4259527417767299
-0.6720178101647665,-0.425806306606977
-0.6695960645269361,-0.42565991769956074
-0.6671752021944126,-0.4255135768596487
-0.6647552532076628,-0.4253672859117444
-0.6623362479280074,-0.42522104670020916
-0.6599182170461732,-0.4250748610897818
-0.6575011915907909,-0.42492873096609673
-0.6550852029368452,-0.42478265823619554
-0.6526702828140709,-0.42463664482903946
-0.6502564633152842,-0.4244906926960139
-0.6478437769046634,-0.42434480381143463
-0.6454322564259546,-0.42419898017304375
-0.6430219351106232,-0.4240532238025075
-0.6406128465859218,-0.4239075367459045
-0.6382050248828999,-0.4237619210742162
-0.6357985044443245,-0.4236163788838045
-0.6333933201325277,-0.42347091229689154
-0.6309895072371768,-0.423325523462032
-0.6285871014829469,-0.42318021455457766
-0.6261861390371141,-0.4230349877771411
-0.6237866565170537,-0.4228898453600494
-0.6213886909976397,-0.4227447895617969
-0.6189922800185523,-0.4225998226694862
-0.6165974615914734,-0.42245494699926806
-0.6142042742071834,-0.4223101648967706
-0.6118127568425443,-0.42216547873752536
-0.6094229489673708,-0.4220208909273837
-0.6070348905511854,-0.4218764039029278
-0.6046486220698487,-0.42173202013187355
-0.6022641845120704,-0.42158774211346534
-0.599881619385788,-0.4214435723788643
-0.5975009687244143,-0.42129951349152706
-0.5951222750929505,-0.42115556804757703
-0.592745581593957,-0.42101173867616704
-0.5903709318733812,-0.4208680280398333
-0.5879983701262371,-0.42072443883483907
-0.5856279411021338,-0.42058097379151077
-0.5832596901106465,-0.4204376356745635
-0.5808936630265282,-0.420294427283417
-0.5785299062947552,-0.42015135145250065
-0.5761684669354074,-0.4200084110515509
-0.5738093925483729,-0.41986560898589514
-0.5714527313178772,-0.41972294819672423
-0.5690985320168284,-0.41958043166135833
-0.5667468440109806,-0.4194380623934961
-0.5643977172629047,-0.41929584344345605
-0.5620512023357637,-0.41915377789840425
-0.5597073503968949,-0.419011868882569
-0.5573662132211806,-0.41887011955744596
-0.5550278431942179,-0.4187285331219874
-0.552692293315273,-0.41858711281278055
-0.5503596172000204,-0.4184458619042116
-0.5480298690830616,-0.41830478370861585
-0.5457031038202144,-0.4181638815764165
-0.5433793768905789,-0.4180231588962452
-0.5410587443983607,-0.4178826190950514
-0.5387412630744632,-0.41774226563819755
-0.5364269902778308,-0.4176021020295346
-0.534115983996545,-0.4174621318114691
-0.5318083028486702,-0.4173223585650092
-0.5295040060828401,-0.41718278590979696
-0.527203153578581,-0.4170434175041257
-0.5249058058463756,-0.41690425704493905
-0.5226120240274478,-0.4167653082678151
-0.5203218698932773,-0.4166265749469313
-0.5180354058448341,-0.41648806089501555
-0.515752694911529,-0.4163497699632774
-0.5134738007498741,-0.41621170604132135
-0.5111987876418542,-0.4160738730570448
-0.5089277204929977,-0.41593627497651503
-0.5066606648301475,-0.4157989158038282
-0.5043976867989274,-0.415661799580952
-0.5021388531608982,-0.41552493038754545
-0.49988423129039955,-0.4153883123407631
-0.4976338891710733,-0.41525194959503736
-0.49538789539206823,-0.41511584634184134
-0.49314631914391394,-0.4149800068094336
-0.49090923021406946,-0.4148444352625797
-0.48867669898213567,-0.4147091360022567
-0.48644879641473093,-0.4145741133653339
-0.4842255940600251,-0.41443937172423334
-0.4820071640419313,-0.4143049154865716
-0.4797935790539463,-0.4141707490947781
-0.47758491235264106,-0.4140368770256906
-0.47538123775079527,-0.4139033037901311
-0.47318262961017665,-0.4137700339324617
-0.4709891628339549,-0.4136370720301127
-0.4688009128587538,-0.413504422693093
-0.46661795564633507,-0.41337209056347585
-0.46444036767491376,-0.41324008031486464
-0.4622682259300999,-0.4131083966518316
-0.46010160789546484,-0.41297704430933674
-0.4579405915427302,-0.4128460280521233
-0.4557852553215775,-0.41271535267408843
-0.45363567814907513,-0.41258502299763317
-0.45149193939872206,-0.4124550438729847
-0.44935411888910726,-0.4123254201775014
-0.44722229687217574,-0.41219615681494504
-0.44509655402111475,-0.4120672587147406
-0.44297697141784226,-0.41193873083120175
-0.44086363054010846,-0.411810578142739
-0.4387566132482023,-0.41168280565104115
-0.43665600177126596,-0.411555418380233
-0.43456187869321633,-0.41142842137601027
-0.43247432693827015,-0.41130181970474866
-0.4303934297560777,-0.41117561845259
-0.4283192707064585,-0.4110498227245038
-0.42625193364374636,-0.41092443764332515
-0.42419150270073647,-0.4107994683487685
-0.42213806227224354,-0.41067491999641753
-0.42009169699826354,-0.4105507977566901
-0.4180524917467483,-0.410427106813781
-0.416020531595983,-0.41030385236457917
-0.41399590181658336,-0.41018103961756264
-0.4119786878530998,-0.41005867379167094
-0.40996897530523885,-0.4099367601151495
-0.40796684990870175,-0.4098153038243763
-0.4059723975156419,-0.4096943101626614
-0.40398570407474604,-0.4095737843790268
-0.40200685561093946,-0.40945373172695937
-0.4000359382047214,-0.40933415746314616
-0.3980730379711305,-0.409215066846183
-0.3961182410383484,-0.40909646513526376
-0.39417163352594214,-0.40897835758884654
-0.3922333015227504,-0.4088607494632992
-0.39030333106441883,-0.4087436460115216
-0.3883818081105923,-0.4086270524815508
-0.3864688185217603,-0.40851097411514076
-0.38456444803577033,-0.40839541614632585
-0.38266878224401296,-0.4082803837999616
-0.38078190656727934,-0.4081658822902483
-0.3789039062313026,-0.4080519168192325
-0.3770348662419901,-0.40793849257529285
-0.37517487136034994,-0.4078256147316067
-0.3733240060771206,-0.40771328844459664
-0.3714823545871134,-0.40760151885236295
-0.3696500007632716,-0.4074903110730975
-0.36782702813045665,-0.40737967020348026
-0.3660135198389718,-0.4072696013170632
-0.3642095586378268,-0.40716010946263526
-0.36241522684775757,-0.4070511996625747
-0.36063060633400884,-0.406942876911187
-0.3588557784788869,-0.40683514617302874
-0.3570908241540958,-0.4067280123812188
-0.35533582369286737,-0.4066214804357381
-0.3535908568618925,-0.40651555520171545
-0.3518560028330656,-0.4064102415077056
-0.35013134015505826,-0.40630554414395414
-0.34841694672472473,-0.4062014678606549
-0.3467128997583601,-0.4060980173661974
-0.34501927576281777,-0.4059951973254074
-0.34333615050649885,-0.4058930123577779
-0.34166359899022936,-0.4057914670356969
-0.34000169541803704,-0.40569056588266733
-0.3383505131678364,-0.40559031337152207
-0.3367101247620454,-0.4054907139226357
-0.3350806018381381,-0.4053917719021336
-0.33346201511915047,-0.40529349162009776
-0.3318544343841597,-0.40519587732877055
-0.33025792843874036,-0.4050989332207606
-0.3286725650854245,-0.4050026634272469
-0.3270984110941703,-0.4049070720161853
-0.3255355321728627,-0.4048121629905164
-0.3239839929378577,-0.4047179402863778
-0.32244385688458793,-0.4046244077713206
-0.32091518635824373,-0.40453156924253036
-0.31939804252455023,-0.4044394284250562
-0.31789248534064996,-0.404347988970043
-0.31639857352611983,-0.40425725445298005
-0.3149163645341235,-0.40416722837194813
-0.31344591452273285,-0.40407791414588784
-0.3119872783264242,-0.40398931511287284
-0.31054050942777095,-0.40390143452839705
-0.30910565992935474,-0.4038142755636772
-0.30768278052590464,-0.4037278413039699
-0.3062719204766901,-0.4036421347469018
-0.3048731275781827,-0.4035571588008224
-0.30348644813700265,-0.4034729162831678
-0.3021119269431777,-0.4033894099188524
-0.30074960724371935,-0.40330664233867225
-0.2993995307165499,-0.40322461607773796
-0.2980617374447867,-0.40314333357392385
-0.2967362658914122,-0.40306279716634713
-0.29542315287434073,-0.4029830090938655
-0.29412243354190887,-0.4029039714936078
-0.2928341413488028,-0.40282568639952854
-0.2915583080324431,-0.4027481557409887
-0.29029496358984824,-0.4026713813413727
-0.2890441362549937,-0.40259536491673115
-0.287805852476686,-0.4025201080744557
-0.2865801368969734,-0.40244561231199166
-0.28536701233010753,-0.4023718790155799
-0.2841664997420796,-0.4022989094590369
-0.28297861823074727,-0.4022267048025705
-0.2818033850065723,-0.40215526609163554
-0.28064081537398805,-0.40208459425582527
-0.2794909227134116,-0.40201469010780455
-0.27835371846392604,-0.40194555434228496
-0.2772292121066436,-0.40187718753504004
-0.27611741114877325,-0.40180959014196593
-0.2750183211084082,-0.4017427624981854
-0.27393194550005007,-0.4016767048171968
-0.2728582858208903,-0.4016114171900718
-0.27179734153786256,-0.40154689958469664
-0.27074911007548463,-0.40148315184506594
-0.2697135868045089,-0.40142017369062455
-0.2686907650313909,-0.4013579647156583
-0.26768063598859987,-0.4012965243887389
-0.2666831888257814,-0.4012358520522181
-0.26569841060179045,-0.401175946921779
-0.2647262862776079,-0.4011168080860375
-0.263766798710155,-0.4010584345062004
-0.26281992864702275,-0.40100082501578094
-0.2618856547221256,-0.4009439783203664
-0.2609639534522958,-0.400887892997449
-0.2600547992348295,-0.40083256749630947
-0.25915816434599676,-0.40077800013796183
-0.25827401894053026,-0.4007241891151583
-0.25740233105209775,-0.4006711324924528
-0.2565430665947748,-0.4006188282063242
-0.25569618936552485,-0.40056727406536524
-0.25486166104769564,-0.40051646775052674
-0.2540394412155435,-0.40046640681542905
-0.25322948733979084,-0.4004170886867343
-0.252431754794226,-0.4003685106645816
-0.2516461968633511,-0.40032066992308635
-0.25087276475108566,-0.40027356351090154
-0.25011140759053097,-0.4002271883518466
-0.24936207245479788,-0.4001815412455958
-0.2486247043689069,-0.4001366188684357
-0.2478992463227572,-0.4000924177740832
-0.24718563928517415,-0.4000489343945717
-0.24648382221903103,-0.40000616504119946
-0.24579373209745045,-0.39996410590554315
-0.2451153039210827,-0.3999227530605379
-0.24444847073646112,-0.3998821024616191
-0.24379316365543413,-0.39984214994793016
-0.2431493118756699,-0.399802891243595
-0.24251684270223073,-0.399764321959053
-0.24189568157021488,-0.3997264375924577
-0.24128575206845684,-0.3996892335311402
-0.24068697596428534,-0.399652705053134
-0.24009927322932728,-0.39961684732876196
-0.2395225620663531,-0.39958165542228596
-0.2389567589371547,-0.39954712429361783
-0.2384017785914426,-0.3995132488000892
-0.23785753409675817,-0.399480023698283
-0.23732393686938316,-0.39944744364592244
-0.23680089670623858,-0.39941550320382024
-0.2362883218177563,-0.3993841968378824
-0.23578611886171139,-0.39935351892117144
-0.23529419297799795,-0.3993234637360214
-0.23481244782433466,-0.3992940254762122
-0.2343407856128787,-0.39926519824919177
-0.23387910714773355,-0.39923697607835285
-0.2334273118633311,-0.399209352905363
-0.23298529786366404,-0.3991823225925382
-0.2325529619623535,-0.3991558789252722
-0.23213019972352322,-0.3991300156145037
-0.23171690550346422,-0.39910472629923854
-0.23131297249305824,-0.3990800045491079
-0.23091829276094306,-0.3990558438669739
-0.23053275729738673,-0.39903223769157253
-0.23015625605884935,-0.3990091794001975
-0.2297886780132017,-0.39898666231142166
-0.22942991118557224,-0.39896467968785165
-0.22907984270479628,-0.39894322473891974
-0.22873835885043192,-0.39892229062370393
-0.2284053451003169,-0.3989018704537808
-0.22808068617863025,-0.39888195729610504
-0.22776426610442968,-0.3988625441759147
-0.2274559682406277,-0.39884362407966223
-0.2271556753433758,-0.3988251899579654
-0.22686326961181819,-0.3988072347285773
-0.22657863273818418,-0.3987897512793785
-0.22630164595817648,-0.39877273247137884
-0.2260321901016257,-0.3987561711417363
-0.22577014564336798,-0.3987400601067859
-0.2255153927543102,-0.39872439216507566
-0.22526781135264373,-0.39870916010041085
-0.22502728115516832,-0.39869435668490305
-0.22479368172868414,-0.3986799746820168
-0.22456689254141565,-0.3986660068496203
-0.2243467930144233,-0.3986524459430295
-0.22413326257296504,-0.3986392847180491
-0.22392618069776457,-0.398626515934004
-0.22372542697614647,-0.39861413235676035
-0.22353088115299655,-0.39860212676173556
-0.22334242318150485,-0.39859049193689133
-0.22315993327364964,-0.39857922068570867
-0.22298329195038202,-0.3985683058301452
-0.22281238009146725,-0.3985577402135673
-0.22264707898494246,-0.39854751670365895
-0.2224872703761477,-0.39853762819530236
-0.22233283651628974,-0.398528067613429
-0.22218366021049735,-0.3985188279158396
-0.2220396248653244,-0.3985099020959869
-0.2219006145356645,-0.3985012831857259
-0.22176651397103084,-0.39849296425801994
-0.2216372086611668,-0.3984849384296098
-0.22151258488094352,-0.3984771988636374
-0.22139252973450663,-0.39846973877222275
-0.22127693119863479,-0.398462551418995
-0.22116567816527044,-0.39845563012157237
-0.22105866048318604,-0.39844896825399034
-0.22095576899874947,-0.3984425592490749
-0.22085689559575428,-0.3984363966007617
-0.2207619332342771,-0.39843047386635594
-0.2206707759885306,-0.39842478466873155
-0.2205833190836803,-0.3984193226984728
-0.2204994589315897,-0.398414081715948
-0.22041909316546657,-0.3984090555533223
-0.22034212067337944,-0.3984042381165012
-0.22026844163061654,-0.3983996233870094
-0.2201979575308596,-0.3983952054237982
-0.22013057121614693,-0.39839097836498266
-0.22006618690560273,-0.3983869364295092
-0.2200047102229075,-0.39838307391874755
-0.2199460482224911,-0.3983793852180121
-0.21989010941442455,-0.39837586479800474
-0.21983680378799703,-0.39837250721618667
-0.21978604283395678,-0.3983693071180687
-0.21973773956540443,-0.3983662592384306
-0.21969180853732212,-0.3983633584024567
-0.21964816586472888,-0.39836059952679764
-0.2196067292394521,-0.398357977620553
-0.21956741794550444,-0.3983554877861741
-0.2195301528730621,-0.3983531252202885
-0.21949485653103923,-0.39835088521444656
-0.21946145305825296,-0.3983487631557875
-0.21942986823318192,-0.3983467545276277
-0.21940002948231516,-0.39834485490997135
-0.2193718658870948,-0.39834305997994024
-0.2193453081894578,-0.39834136551212806
-0.21932028879598114,-0.39833976737887705
-0.21929674178063874,-0.39833826155047786
-0.219274602886178,-0.39833684409529124
-0.2192538095241302,-0.3983355111797986
-0.21923430077346326,-0.39833425906857406
-0.21921601737789467,-0.3983330841241856
-0.2191989017418783,-0.3983319828070228
-0.2191828979252835,-0.3983309516750528
-0.2191679516367835,-0.39832998738350545
-0.219154010225978,-0.39832908668449196
-0.21914102267426416,-0.39832824642655074
-0.21912893958448687,-0.39832746355413184
-0.2191177131693854,-0.3983267351070114
-0.2191072972388668,-0.39832605821964584
-0.21909764718612854,-0.3983254301204604
-0.21908871997265955,-0.39832484813107827
-0.21908047411214615,-0.398324309665488
-0.21907286965331313,-0.3983238122291549
-0.2190658681617274,-0.3983233534180733
-0.21905943270059475,-0.3983229309177635
-0.21905352781057955,-0.39832254250221544
-0.2190481194886783,-0.3983221860327775
-0.21904317516617705,-0.398321859456996
-0.2190386636857229,-0.39832156080740266
-0.21903455527754145,-0.3983212882002538
-0.2190308215348285,-0.39832103983422096
-0.21902743538834857,-0.39832081398903524
-0.21902437108026773,-0.39832060902408595
-0.21902160413725255,-0.3983204233769753
-0.21901911134286015,-0.39832025556202727
-0.21901687070925221,-0.3983201041687558
-0.21901486144825735,-0.398319967860291
-0.21901306394180908,-0.39831984537176185
-0.21901145971178604,-0.39831973550863947
-0.21901003138928118,-0.3983196371450419
-0.21900876268332237,-0.3983195492219973
-0.21900763834906967,-0.3983194707456684
-0.21900664415551385,-0.39831940078553973
-0.21900576685269704,-0.39831933847256373
-0.21900499413848223,-0.3983192829972736
-0.21900431462489023,-0.3983192336078536
-0.2190037178040311,-0.3983191896081763
-0.2190031940136524,-0.3983191503558026
-0.2190027344023276,-0.3983191152599432
-0.21900233089431373,-0.39831908377938813
-0.21900197615410522,-0.39831905542040114
-0.2190016635507123,-0.3983190297345787
-0.2190013871217035,-0.3983190063166822
-0.2190011415370429,-0.39831898480243333
-0.21900092206277236,-0.3983189648662876
-0.2190007245245837,-0.3983189462191806
-0.2190005452713363,-0.39831892860624984
-0.21900038113859005,-0.3983189118045435
-0.21900022941222208,-0.3983188956207107
-0.21900008779221936,-0.3983188798886893
-0.21899995435674385,-0.39831886446738946
-0.21899982752658653,-0.3983188492383848
-0.21899970603014532,-0.39831883410362307
-0.21899958886907742,-0.3983188189831597
-0.21899947528480707,-0.39831880381293705
-0.21899936472608536,-0.3983187885426127
-0.21899925681784227,-0.3983187731334671
-0.21899915133158643,-0.3983187575563949
-0.21899904815766308,-0.3983187417900163
-0.21899894727970748,-0.3983187258189244
-0.21899884875168513,-0.3983187096321007
-0.21899875267795985,-0.3983186932215335
-0.21899865919688313,-0.3983186765810703
-0.21899856846846946,-0.3983186597055532
