-1.3575038864110425,-0.46703924069056085
-1.3575038443002725,-0.46703922047473334
-1.3575038014226377,-0.46703920046278735
-1.3575037572740438,-0.4670391806136412
-1.3575037110122679,-0.46703916085492336
-1.357503661476104,-0.4670391410857865
-1.35750360719971,-0.46703912117930924
-1.3575035464226417,-0.4670391009845015
-1.3575034770961536,-0.46703908032795866
-1.3575033968862558,-0.46703905901521814
-1.3575033031739236,-0.46703903683181625
-1.3575031930529589,-0.467039013544126
-1.357503063325803,-0.4670389888999603
-1.3575029104976757,-0.46703896262899547
-1.3575027307693726,-0.4670389344430335
-1.3575025200289306,-0.4670389040361103
-1.3575022738425107,-0.4670388710844961
-1.3575019874446703,-0.467038835246588
-1.35750165572824,-0.467038796162719
-1.357501273234033,-0.46703875345490403
-1.357500834140467,-0.46703870672651676
-1.357500332253354,-0.46703865556194163
-1.357499760995918,-0.4670385995261876
-1.3574991133991678,-0.4670385381644819
-1.3574983820927657,-0.46703847100186296
-1.3574975592964038,-0.4670383975427558
-1.357496636811846,-0.46703831727057055
-1.3574956060156531,-0.46703822964730307
-1.3574944578526424,-0.46703813411315576
-1.3574931828301684,-0.46703803008619144
-1.3574917710131764,-0.4670379169619975
-1.3574902120201555,-0.4670377941133981
-1.3574884950199455,-0.4670376608901928
-1.35748660872942,-0.4670375166189364
-1.3574845414120829,-0.4670373606027598
-1.3574822808775204,-0.4670371921212256
-1.3574798144817697,-0.46703701043023244
-1.3574771291285583,-0.46703681476196274
-1.3574742112714018,-0.4670366043248713
-1.3574710469165745,-0.46703637830372735
-1.3574676216268633,-0.4670361358596833
-1.357463920526173,-0.46703587613040626
-1.3574599283049014,-0.4670355982302434
-1.3574556292260473,-0.46703530125043075
-1.3574510071320876,-0.46703498425934975
-1.357446045452493,-0.46703464630281394
-1.3574407272119462,-0.46703428640440436
-1.3574350350391675,-0.4670339035658377
-1.3574289511763664,-0.467033496767381
-1.3574224574891873,-0.4670330649682821
-1.3574155354772375,-0.4670326071072521
-1.3574081662850757,-0.46703212210297007
-1.3574003307136389,-0.467031608854618
-1.3573920092321181,-0.4670310662424516
-1.3573831819901527,-0.4670304931283812
-1.3573738288304091,-0.46702988835659043
-1.3573639293014461,-0.4670292507541729
-1.3573534626708337,-0.467028579131785
-1.3573424079385328,-0.4670278722843269
-1.3573307438504223,-0.4670271289916238
-1.3573184489120238,-0.4670263480191352
-1.3573055014023352,-0.4670255281186701
-1.357291879387757,-0.46702466802911063
-1.3572775607360956,-0.46702376647715704
-1.3572625231305506,-0.467022822178055
-1.3572467440837364,-0.4670218338363487
-1.3572302009516601,-0.46702080014662845
-1.357212870947622,-0.46701971979427787
-1.3571947311560535,-0.46701859145622804
-1.3571757585461859,-0.46701741380169476
-1.3571559299856195,-0.46701618549292506
-1.357135222253694,-0.46701490518593275
-1.3571136120546703,-0.46701357153122536
-1.3570910760307036,-0.4670121831745292
-1.3570675907745304,-0.4670107387574898
-1.3570431328419432,-0.4670092369183761
-1.3570176787639405,-0.467007676292762
-1.3569912050586042,-0.46700605551420304
-1.3569636882426068,-0.4670043732148814
-1.3569351048424216,-0.4670026280262502
-1.35690543140515,-0.4670008185796537
-1.3568746445089768,-0.46699894350692567
-1.356842720773248,-0.46699700144097755
-1.356809636868126,-0.4669949910163512
-1.356775369523836,-0.4669929108697606
-1.356739895539501,-0.4669907596406112
-1.3567031917915027,-0.46698853597148876
-1.3566652352414432,-0.46698623850863497
-1.3566260029435897,-0.46698386590238344
-1.3565854720518986,-0.4669814168075822
-1.3565436198265426,-0.46697888988398945
-1.3565004236399714,-0.46697628379663453
-1.3564558609824828,-0.4669735972161667
-1.356409909467278,-0.4669708288191555
-1.356362546835067,-0.46696797728838585
-1.3563137509581378,-0.4669650413131091
-1.3562634998439418,-0.4669620195892724
-1.3562117716381932,-0.46695891081972424
-1.3561585446274107,-0.4669557137143784
-1.3561037972410206,-0.46695242699036105
-1.3560475080529142,-0.46694904937212467
-1.3559896557825186,-0.4669455795915313
-1.3559302192953815,-0.46694201638791594
-1.3558691776032115,-0.4669383585081042
-1.3558065098634833,-0.46693460470641956
-1.3557421953785116,-0.4669307537446506
-1.35567621359405,-0.46692680439199236
-1.3556085440974306,-0.4669227554249691
-1.3555391666151773,-0.4669186056273085
-1.3554680610102003,-0.46691435378980883
-1.3553952072785025,-0.46690999871016764
-1.355320585545428,-0.46690553919278793
-1.3552441760614917,-0.4669009740485602
-1.3551659591977159,-0.4668963020946047
-1.3550859154405817,-0.466891522154008
-1.3550040253865392,-0.4668866330555194
-1.3549202697361002,-0.4668816336332293
-1.3548346292875573,-0.4668765227262255
-1.3547470849302514,-0.4668712991782147
-1.3546576176375096,-0.46686596183713575
-1.3545662084591967,-0.46686050955474023
-1.354472838513887,-0.4668549411861537
-1.3543774889807274,-0.46684925558942486
-1.3542801410909113,-0.46684345162503527
-1.3541807761188667,-0.4668375281554065
-1.3540793753731244,-0.4668314840443812
-1.353975920186867,-0.4668253181566857
-1.3538703919082353,-0.46681902935738223
-1.3537627718902976,-0.4668126165112907
-1.353653041480813,-0.46680607848240363
-1.353541182011725,-0.4667994141332889
-1.3534271747884161,-0.4667926223244687
-1.3533110010787834,-0.4667857019137976
-1.3531926421020366,-0.46677865175580957
-1.3530720790173743,-0.4667714707010706
-1.3529492929124523,-0.4667641575955123
-1.3528242647916846,-0.46675671127975277
-1.3526969755644354,-0.46674913058842127
-1.3525674060330137,-0.46674141434945127
-1.3524355368806078,-0.4667335613833889
-1.352301348659088,-0.4667255705026808
-1.3521648217767275,-0.46671744051096076
-1.3520259364858567,-0.4667091702023349
-1.351884672870438,-0.46670075836065184
-1.3517410108336054,-0.4666922037587796
-1.3515949300851922,-0.46668350515787854
-1.3514464101292092,-0.4666746613066655
-1.3512954302513631,-0.4666656709406923
-1.351141969506545,-0.46665653278160535
-1.3509860067063724,-0.46664724553641956
-1.3508275204067797,-0.46663780789679193
-1.3506664888956434,-0.4666282185382943
-1.3505028901805094,-0.4666184761196965
-1.3503367019763601,-0.46660857928224275
-1.3501679016935322,-0.466598526648946
-1.3499964664257054,-0.46658831682387875
-1.3498223729380388,-0.46657794839147504
-1.3496455976554607,-0.46656741991584827
-1.349466116651065,-0.46655672994009484
-1.3492839056347241,-0.46654587698563244
-1.3490989399418503,-0.4665348595515342
-1.3489111945223604,-0.4665236761138761
-1.3487206439298567,-0.4665123251251038
-1.3485272623109896,-0.46650080501339514
-1.3483310233950838,-0.46648911418205435
-1.3481319004839907,-0.46647725100890775
-1.347929866442186,-0.46646521384571904
-1.347724893687161,-0.46645300101762344
-1.347516954180037,-0.4664406108225655
-1.3473060194165116,-0.4664280415307677
-1.3470920604180776,-0.4664152913842059
-1.346875047723553,-0.46640235859610824
-1.3466549513809376,-0.4663892413504755
-1.346431740939562,-0.4663759378016079
-1.3462053854426064,-0.4663624460736646
-1.3459758534199524,-0.46634876426023847
-1.3457431128813673,-0.46633489042394727
-1.3455071313100972,-0.46632082259605945
-1.345267875656758,-0.46630655877612065
-1.3450253123336613,-0.4662920969316234
-1.3447794072095092,-0.46627743499768515
-1.3445301256044555,-0.46626257087675527
-1.344277432285606,-0.4662475024383492
-1.3440212914628749,-0.46623222751879484
-1.3437616667852816,-0.46621674392101203
-1.3434985213376758,-0.4662010494143238
-1.3432318176378124,-0.4661851417342628
-1.3429615176339618,-0.4661690185824507
-1.342687582702842,-0.46615267762645246
-1.342409973648045,-0.4661361164996907
-1.3421286506989092,-0.46611933280137924
-1.3418435735097565,-0.46610232409646213
-1.3415547011596942,-0.466085087915619
-1.3412619921527391,-0.46606762175525085
-1.3409654044184764,-0.46604992307752996
-1.340664895313151,-0.4660319893104604
-1.340360421621154,-0.4660138178479552
-1.3400519395570747,-0.4659954060499702
-1.3397394047680924,-0.46597675124263316
-1.3394227723368868,-0.4659578507184179
-1.339101996785016,-0.4659387017363485
-1.338777032076674,-0.46591930152220784
-1.3384478316230093,-0.46589964726880856
-1.3381143482867977,-0.4658797361362559
-1.3377765343876242,-0.4658595652522585
-1.3374343417075187,-0.46583913171246855
-1.3370877214969916,-0.46581843258082617
-1.336736624481573,-0.46579746488995744
-1.3363810008687569,-0.4657762256415802
-1.3360208003554028,-0.46575471180694467
-1.3356559721355818,-0.46573292032730285
-1.3352864649088239,-0.4657108481143898
-1.3349122268888407,-0.4656884920509481
-1.3345332058126296,-0.4656658489912653
-1.3341493489500291,-0.4656429157617416
-1.333760603113692,-0.46561968916148805
-1.3333669146694334,-0.4655961659629327
-1.3329682295470207,-0.46557234291246685
-1.3325644932513556,-0.46554821673111263
-1.3321556508740295,-0.4655237841152023
-1.3317416471053032,-0.46549904173710355
-1.3313224262464167,-0.4654739862459387
-1.330897932222321,-0.46544861426835044
-1.3304681085947432,-0.46542292240927835
-1.330032898575623,-0.4653969072527563
-1.3295922450409208,-0.4653705653627412
-1.3291460905447061,-0.46534389328394465
-1.3286943773336577,-0.46531688754269995
-1.328237047361844,-0.46528954464784533
-1.327774042305823,-0.4652618610916177
-1.327305303580084,-0.4652338333505823
-1.3268307723527395,-0.4652054578865587
-1.3263503895615518,-0.46517673114758135
-1.325864095930224,-0.46514764956887006
-1.325371831984952,-0.4651182095738168
-1.3248735380712737,-0.46508840757499265
-1.3243691543711213,-0.46505823997516177
-1.3238586209201577,-0.46502770316831765
-1.3233418776253225,-0.4649967935407291
-1.3228188642826078,-0.464965507472002
-1.3222895205950624,-0.4649338413361558
-1.3217537861909439,-0.46490179150270167
-1.3212116006421224,-0.46486935433774373
-1.320662903482624,-0.46483652620508875
-1.3201076342273632,-0.464803303467359
-1.3195457323910262,-0.4647696824871282
-1.3189771375070867,-0.4647356596280474
-1.3184017891469737,-0.46470123125599583
-1.317819626939365,-0.46466639374023233
-1.3172305905895738,-0.46463114345454976
-1.3166346198990757,-0.46459547677845203
-1.3160316547850601,-0.464559390098307
-1.3154216353001285,-0.46452287980853546
-1.3148045016520236,-0.4644859423127865
-1.3141801942234048,-0.4644485740251129
-1.3135486535917251,-0.464410771371176
-1.3129098205490461,-0.46437253078940893
-1.3122636361219664,-0.4643338487322225
-1.3116100415915097,-0.46429472166718977
-1.3109489785130142,-0.46425514607823154
-1.3102803887360477,-0.4642151184668183
-1.30960421442423,-0.46417463535313985
-1.3089203980750828,-0.4641336932773038
-1.3082288825398163,-0.46409228880051656
-1.3075296110430206,-0.4640504185062555
-1.306822527202371,-0.4640080790014592
-1.306107575048144,-0.46396526691768036
-1.305384699042741,-0.46392197891226694
-1.3046538441000612,-0.4638782116695121
-1.3039149556047547,-0.46383396190180803
-1.3031679794314135,-0.4637892263508022
-1.3024128619635338,-0.46374400178851827
-1.301649550112421,-0.46369828501849925
-1.3008779913359085,-0.463652072876922
-1.3000981336568833,-0.463605362233705
-1.2993099256817169,-0.4635581499936205
-1.298513316618406,-0.4635104330973665
-1.2977082562946156,-0.4634622085226585
-1.296894695175479,-0.4634134732852935
-1.2960725843811525,-0.4633642244401908
-1.2952418757042423,-0.46331445908245344
-1.294402521626887,-0.4632641743483738
-1.2935544753376893,-0.463213367416458
-1.2926976907483745,-0.46316203550842333
-1.2918321225101435,-0.4631101758901681
-1.2909577260298697,-0.4630577858727592
-1.2900744574859007,-0.4630048628133604
-1.289182273843669,-0.4629514041161791
-1.2882811328709862,-0.46289740723338296
-1.287370993153007,-0.46284286966598587
-1.2864518141069763,-0.46278778896474765
-1.285523555996563,-0.4627321627310196
-1.2845861799459526,-0.4626759886175956
-1.283639647953605,-0.46261926432953954
-1.282683922905624,-0.4625619876249755
-1.2817189685889048,-0.462504156315893
-1.2807447497038071,-0.46244576826889167
-1.2797612318765865,-0.46238682140593446
-1.2787683816714361,-0.4623273137050722
-1.2777661666021238,-0.4622672432011307
-1.2767545551433799,-0.46220660798641017
-1.2757335167417807,-0.4621454062113238
-1.2747030218263717,-0.46208363608504266
-1.2736630418188615,-0.46202129587610896
-1.2726135491434154,-0.46195838391301547
-1.2715545172361438,-0.461894898584788
-1.2704859205541117,-0.4618308383415151
-1.2694077345840102,-0.46176620169487526
-1.2683199358504436,-0.4617009872186355
-1.267222501923748,-0.461635193549113
-1.2661154114275162,-0.46156881938563943
-1.2649986440456318,-0.46150186349097727
-1.2638721805289383,-0.4614343246917194
-1.262736002701512,-0.46136620187867405
-1.2615900934664783,-0.461297494007203
-1.2604344368115004,-0.46122820009756726
-1.25926901781377,-0.46115831923521483
-1.258093822644652,-0.4610878505710684
-1.256908838573897,-0.46101679332177997
-1.2557140539734073,-0.460945146769949
-1.254509458320673,-0.46087291026434435
-1.2532950422017073,-0.46080008322007165
-1.2520707973136278,-0.4607266651187327
-1.25083671646681,-0.4606526555085627
-1.2495927935866051,-0.46057805400452123
-1.2483390237147132,-0.4605028602883935
-1.2470754030100741,-0.4604270741088334
-1.2458019287493984,-0.46035069528140293
-1.244518599327288,-0.46027372368858344
-1.243225414255914,-0.4601961592797492
-1.2419223741643708,-0.46011800207114456
-1.2406094807975525,-0.4600392521458089
-1.23928673701467,-0.45995990965349254
-1.2379541467873925,-0.4598799748105527
-1.2366117151975307,-0.4597994478998042
-1.235259448434432,-0.45971832927038336
-1.2338973537918967,-0.4596366193375516
-1.23252543966476,-0.45955431858249857
-1.2311437155451124,-0.4594714275521214
-1.2297521920180783,-0.45938794685876194
-1.228350880757316,-0.4593038771799565
-1.2269397945200782,-0.45921921925813053
-1.2255189471419337,-0.4591339739002843
-1.2240883535311748,-0.4590481419776733
-1.222648029662775,-0.45896172442542865
-1.2211979925721164,-0.4588747222422023
-1.2197382603482831,-0.4587871364897568
-1.2182688521270535,-0.45869896829254897
-1.2167897880835874,-0.45861021883730213
-1.2153010894247056,-0.4585208893725318
-1.213802778380953,-0.4584309812080878
-1.2122948781982608,-0.4583404957146469
-1.2107774131293294,-0.45824943432320014
-1.2092504084247455,-0.458157798524532
-1.2077138903237041,-0.4580655898686502
-1.206167886044559,-0.4579728099642399
-1.2046124237749938,-0.4578794604780653
-1.2030475326619432,-0.4577855431343697
-1.201473242801285,-0.45769105971427015
-1.1998895852271692,-0.4575960120551023
-1.1982965919011965,-0.4575004020497921
-1.1966942957012627,-0.45740423164618094
-1.1950827304101799,-0.4573075028463429
-1.1934619307041048,-0.45721021770590775
-1.1918319321406312,-0.4571123783333309
-1.190192771146777,-0.45701398688919104
-1.188544485006659,-0.4569150455854475
-1.186887111848994,-0.45681555668469115
-1.1852206906344223,-0.456715522499397
-1.1835452611425545,-0.4566149453911371
-1.1818608639589219,-0.4565138277698099
-1.1801675404616763,-0.4564121720928441
-1.1784653328081351,-0.4563099808643896
-1.1767542839211884,-0.45620725663451567
-1.175034437475476,-0.45610400199837137
-1.1733058378834766,-0.4560002195953641
-1.1715685302814267,-0.45589591210831554
-1.1698225605150787,-0.45579108226260445
-1.1680679751253815,-0.4556857328253253
-1.1663048213339586,-0.45557986660440003
-1.1645331470285538,-0.45547348644772495
-1.1627530007483013,-0.4553665952422817
-1.1609644316689212,-0.45525919591325176
-1.159167489587843,-0.45515129142313493
-1.157362224909172,-0.4550428847708377
-1.1555486886286537,-0.45493397899078475
-1.1537269323185206,-0.4548245771520087
-1.1518970081122684,-0.45471468235723733
-1.1500589686894207,-0.45460429774199057
-1.1482128672601657,-0.4544934264736493
-1.146358757550025,-0.4543820717505498
-1.1444966937844354,-0.454270236801056
-1.1426267306733107,-0.4541579248826328
-1.140748923395612,-0.4540451392809361
-1.1388633275838342,-0.4539318833088664
-1.1369699993085518,-0.4538181603056589
-1.1350689950629198,-0.4537039736359509
-1.1331603717471863,-0.4535893266888513
-1.1312441866532406,-0.4534742228770283
-1.1293204974491196,-0.45335866563576643
-1.1273893621636093,-0.4532426584220572
-1.125450839170819,-0.453126204713672
-1.123504987174809,-0.45300930800823935
-1.1215518651942986,-0.4528919718223388
-1.119591532547339,-0.452774199690572
-1.1176240488361204,-0.4526559951646611
-1.1156494739318101,-0.452537361812544
-1.113667867959421,-0.4524183032174546
-1.1116792912828404,-0.4522988229770484
-1.1096838044898263,-0.4521789247024843
-1.1076814683771776,-0.4520586120175489
-1.1056723439359541,-0.45193788855777023
-1.1036564923367647,-0.45181675796952875
-1.1016339749152364,-0.45169522390920436
-1.099604853157486,-0.451573290042288
-1.0975691886857792,-0.4514509600425362
-1.0955270432442783,-0.45132823759111484
-1.0934784786848777,-0.4512051263757442
-1.0914235569532438,-0.45108163008987767
-1.0893623400748873,-0.4509577524318523
-1.0872948901414345,-0.45083349710407694
-1.0852212692970347,-0.45070886781221764
-1.0831415397248465,-0.45058386826438107
-1.081055763633776,-0.4504585021703331
-1.0789640032452537,-0.4503327732406943
-1.0768663207802485,-0.45020668518616974
-1.0747627784464078,-0.45008024171678135
-1.0726534384253348,-0.44995344654109404
-1.0705383628601097,-0.4498263033654862
-1.0684176138428716,-0.449698815893389
-1.0662912534026676,-0.4495709878245695
-1.0641593434934349,-0.4494428228544115
-1.0620219459821456,-0.44931432467319254
-1.0598791226371873,-0.44918549696540766
-1.0577309351168709,-0.4490563434090657
-1.0555774449581623,-0.44892686767502044
-1.0534187135656023,-0.4487970734263094
-1.0512548022003774,-0.4486669643174904
-1.0490857719696678,-0.4485365439940167
-1.0469116838161092,-0.44840581609159447
-1.0447325985074998,-0.4482747842355709
-1.0425485766267133,-0.4481434520403341
-1.0403596785617708,-0.4480118231087064
-1.0381659644961923,-0.4478799010313819
-1.035967494399479,-0.44774768938634474
-1.033764328017856,-0.44761519173831926
-1.0315565248652152,-0.44748241163823044
-1.0293441442142428,-0.44734935262266184
-1.0271272450878142,-0.447216018213355
-1.0249058862505471,-0.4470824119166915
-1.0226801262006058,-0.4469485372232069
-1.020450023161725,-0.4468143976071161
-1.018215635075407,-0.44667999652583557
-1.015977019593409,-0.446545337419547
-1.0137342340703872,-0.4464104237107467
-1.0114873355567888,-0.4462752588038227
-1.009236380791973,-0.4461398460846478
-1.006981426197514,-0.4460041889201645
-1.0047225278707872,-0.44586829065802047
-1.0024597415787144,-0.4457321546261775
-1.0001931227517704,-0.44559578413255985
-0.9979227264782043,-0.44545918246471006
-0.9956486074984545,-0.4453223528894447
-0.9933708201998407,-0.44518529865255146
-0.9910894186114209,-0.4450480229784671
-0.9888044563991003,-0.4449105290699924
-0.986515986860965,-0.4447728201080139
-0.9842240629227967,-0.4446348992512253
-0.9819287371338721,-0.44449676963589047
-0.9796300616629193,-0.4443584343755898
-0.977328088294316,-0.44421989656099675
-0.9750228684245417,-0.444081159259671
-0.9727144530587534,-0.4439422255158391
-0.9704028928076972,-0.4438030983502274
-0.9680882378847353,-0.4436637807598725
-0.9657705381031307,-0.4435242757179592
-0.9634498428735628,-0.4433845861736831
-0.9611262012017888,-0.44324471505209256
-0.9587996616866031,-0.4431046652539849
-0.9564702725179323,-0.44296443965578297
-0.9541380814751625,-0.4428240411094334
-0.9518031359257118,-0.4426834724423335
-0.9494654828237213,-0.4425427364572363
-0.9471251687090471,-0.44240183593220633
-0.9447822397063825,-0.4422607736205593
-0.9424367415246055,-0.442119552250822
-0.9400887194563514,-0.4419781745267188
-0.9377382183777113,-0.44183664312713655
-0.9353852827482191,-0.44169496070614167
-0.9330299566109521,-0.4415531298929771
-0.9306722835928598,-0.44141115329208125
-0.9283123069053033,-0.4412690334831352
-0.9259500693447121,-0.4411267730210807
-0.9235856132935171,-0.44098437443619865
-0.9212189807211972,-0.44084184023415884
-0.9188502131855337,-0.44069917289609994
-0.9164793518340703,-0.44055637487872357
-0.914106437405692,-0.44041344861437987
-0.9117315102324379,-0.4402703965111851
-0.90935461024146,-0.4401272209531384
-0.9069757769571484,-0.439983924300246
-0.9045950495034589,-0.43984050888867127
-0.9022124666063621,-0.4396969770308734
-0.8998280665965007,-0.4395533310157722
-0.8974418874119817,-0.4394095731089178
-0.8950539666013451,-0.4392657055526678
-0.8926643413266904,-0.43912173056637793
-0.890273048366948,-0.43897765034659836
-0.8878801241213234,-0.43883346706728316
-0.8854856046128811,-0.4386891828800052
-0.8830895254922824,-0.43854479991418327
-0.880691922041676,-0.43840032027731646
-0.878292829178725,-0.4382557460552277
-0.8758922814607872,-0.43811107931231574
-0.8734903130892309,-0.43796632209181635
-0.8710869579138937,-0.43782147641607155
-0.8686822494376736,-0.4376765442868063
-0.8662762208212635,-0.43753152768541664
-0.8638689048880054,-0.43738642857325827
-0.8614603341288863,-0.43724124889195404
-0.8590505407076611,-0.43709599056369935
-0.8566395564660905,-0.4369506554915802
-0.8542274129293181,-0.4368052455598972
-0.851814141311356,-0.43665976263449796
-0.8493997725206988,-0.4365142085631156
-0.846984337166048,-0.436368585175715
-0.8445678655621555,-0.43622289428484434
-0.8421503877357774,-0.43607713768599854
-0.8397319334317397,-0.4359313171579809
-0.8373125321191112,-0.4357854344632799
-0.8348922129974838,-0.43563949134844815
-0.832471005003354,-0.4354934895444856
-0.8300489368166107,-0.4353474307672352
-0.8276260368671191,-0.43520131671777845
-0.825202333341401,-0.43505514908284043
-0.8227778541894165,-0.43490892953519866
-0.8203526271314321,-0.4347626597341004
-0.817926679664985,-0.43461634132568117
-0.8155000390719335,-0.4344699759433928
-0.8130727324255959,-0.43432356520843557
-0.810644786597973,-0.43417711073019327
-0.8082162282670581,-0.43403061410667726
-0.8057870839242196,-0.43388407692497083
-0.8033573798816702,-0.4337375007616842
-0.8009271422800087,-0.4335908871834074
-0.7984963970958383,-0.4334442377471744
-0.796065170149458,-0.43329755400092557
-0.79363348711262,-0.43315083748397964
-0.791201373516365,-0.4330040897275066
-0.7887688547589169,-0.4328573122550061
-0.7863359561136412,-0.4327105065827892
-0.7839027027370757,-0.4325636742204635
-0.7814691196770119,-0.4324168166714244
-0.7790352318806401,-0.4322699354333476
-0.7766010642027487,-0.4321230319986834
-0.774166641413988,-0.4319761078551618
-0.771731988209168,-0.43182916448629055
-0.7692971292156305,-0.431682203371865
-0.7668620890016504,-0.4315352259884762
-0.7644268920848976,-0.4313882338100242
-0.7619915629409382,-0.43124122830823225
-0.7595561260117805,-0.4310942109531653
-0.7571206057144594,-0.43094718321374953
-0.7546850264496687,-0.43080014655829746
-0.7522494126104236,-0.4306531024550312
-0.749813788590757,-0.4305060523726103
-0.7473781787944601,-0.4303589977806618
-0.7449426076438429,-0.4302119401503109
-0.7425070995885322,-0.430064880954716
-0.7400716791142962,-0.4299178216696015
-0.7376363707518924,-0.4297707637737969
-0.7352011990859405,-0.42962370874977307
-0.7327661887638205,-0.42947665808418367
-0.7303313645045868,-0.42932961326840446
-0.7278967511079009,-0.4291825757990769
-0.725462373462984,-0.4290355471786503
-0.7230282565575761,-0.428888528915925
-0.720594425486918,-0.4287415225265996
-0.7181609054627296,-0.4285945295338139
-0.7157277218222086,-0.4284475514686958
-0.7132949000370283,-0.42830058987090885
-0.7108624657223386,-0.4281536462891956
-0.7084304446457721,-0.42800672228192793
-0.7059988627364467,-0.4278598194176515
-0.7035677460939677,-0.42771293927563353
-0.7011371209974233,-0.42756608344640784
-0.6987070139143731,-0.42741925353232313
-0.6962774515098251,-0.42727245114808526
-0.6938484606552098,-0.42712567792130446
-0.6914200684373254,-0.4269789354930385
-0.6889923021672832,-0.42683222551833605
-0.6865651893894212,-0.4266855496667772
-0.6841387578902035,-0.426538909623016
-0.6817130357070941,-0.4263923070873183
-0.6792880511374068,-0.42624574377610003
-0.6768638327471266,-0.42609922142246337
-0.6744404093796936,-0.4259527417767312
-0.6720178101647664,-0.4258063066069784
-0.6695960645269358,-0.4256599176995621
-0.6671752021944125,-0.42551357685965013
-0.6647552532076624,-0.4253672859117458
-0.6623362479280072,-0.42522104670021066
-0.6599182170461732,-0.42507486108978343
-0.6575011915907907,-0.4249287309660983
-0.6550852029368451,-0.42478265823619726
-0.6526702828140707,-0.42463664482904095
-0.6502564633152841,-0.42449069269601575
-0.6478437769046631,-0.4243448038114366
-0.6454322564259544,-0.4241989801730457
-0.6430219351106231,-0.42405322380250937
-0.6406128465859218,-0.4239075367459065
-0.6382050248828998,-0.4237619210742182
-0.6357985044443242,-0.4236163788838066
-0.6333933201325277,-0.42347091229689376
-0.6309895072371766,-0.4233255234620344
-0.6285871014829468,-0.42318021455458005
-0.6261861390371138,-0.42303498777714343
-0.6237866565170535,-0.422889845360052
-0.6213886909976396,-0.42274478956179934
-0.6189922800185521,-0.42259982266948876
-0.6165974615914733,-0.4224549469992706
-0.614204274207183,-0.42231016489677325
-0.6118127568425443,-0.4221654787375281
-0.6094229489673706,-0.42202089092738665
-0.6070348905511851,-0.4218764039029308
-0.6046486220698485,-0.4217320201318769
-0.6022641845120702,-0.42158774211346844
-0.5998816193857878,-0.42144357237886726
-0.5975009687244142,-0.4212995134915303
-0.5951222750929502,-0.4211555680475803
-0.5927455815939568,-0.4210117386761707
-0.5903709318733809,-0.4208680280398368
-0.5879983701262369,-0.4207244388348427
-0.5856279411021336,-0.42058097379151443
-0.5832596901106463,-0.4204376356745672
-0.580893663026528,-0.42029442728342087
-0.578529906294755,-0.4201513514525047
-0.576168466935407,-0.42000841105155523
-0.5738093925483727,-0.41986560898589936
-0.5714527313178768,-0.41972294819672856
-0.569098532016828,-0.4195804316613626
-0.5667468440109801,-0.4194380623935006
-0.5643977172629041,-0.4192958434434607
-0.5620512023357634,-0.4191537778984091
-0.5597073503968945,-0.419011868882574
-0.5573662132211803,-0.418870119557451
-0.5550278431942176,-0.4187285331219927
-0.5526922933152727,-0.41858711281278593
-0.5503596172000199,-0.4184458619042169
-0.5480298690830611,-0.41830478370862145
-0.5457031038202141,-0.418163881576422
-0.5433793768905785,-0.41802315889625097
-0.5410587443983601,-0.41788261909505725
-0.5387412630744628,-0.4177422656382037
-0.5364269902778305,-0.41760210202954096
-0.5341159839965445,-0.4174621318114755
-0.5318083028486696,-0.41732235856501587
-0.5295040060828394,-0.4171827859098036
-0.5272031535785804,-0.4170434175041327
-0.5249058058463751,-0.41690425704494616
-0.5226120240274476,-0.4167653082678223
-0.5203218698932769,-0.4166265749469387
-0.5180354058448335,-0.4164880608950232
-0.5157526949115283,-0.4163497699632851
-0.5134738007498736,-0.41621170604132923
-0.5111987876418537,-0.41607387305705273
-0.5089277204929973,-0.41593627497652336
-0.5066606648301467,-0.4157989158038367
-0.5043976867989268,-0.41566179958096067
-0.5021388531608976,-0.4155249303875544
-0.49988423129039866,-0.4153883123407723
-0.49763388917107276,-0.4152519495950468
-0.4953878953920678,-0.4151158463418508
-0.4931463191439132,-0.41498000680944336
-0.4909092302140689,-0.41484443526258963
-0.488676698982135,-0.41470913600226667
-0.4864487964147302,-0.4145741133653441
-0.4842255940600244,-0.4144393717242439
-0.4820071640419305,-0.4143049154865823
-0.47979357905394543,-0.4141707490947892
-0.4775849123526402,-0.41403687702570197
-0.47538123775079466,-0.41390330379014256
-0.4731826296101759,-0.41377003393247347
-0.47098916283395414,-0.41363707203012473
-0.4688009128587529,-0.41350442269310506
-0.46661795564633424,-0.41337209056348845
-0.46444036767491287,-0.41324008031487725
-0.4622682259300989,-0.4131083966518445
-0.46010160789546406,-0.41297704430935006
-0.4579405915427292,-0.41284602805213677
-0.45578525532157643,-0.41271535267410236
-0.453635678149074,-0.41258502299764743
-0.45149193939872106,-0.4124550438729992
-0.4493541188891063,-0.412325420177516
-0.4472222968721747,-0.41219615681496
-0.4450965540211135,-0.41206725871475586
-0.44297697141784104,-0.4119387308312172
-0.44086363054010747,-0.4118105781427548
-0.4387566132482013,-0.41168280565105714
-0.43665600177126485,-0.41155541838024945
-0.4345618786932151,-0.4114284213760271
-0.43247432693826904,-0.41130181970476576
-0.4303934297560764,-0.41117561845260736
-0.42831927070645737,-0.4110498227245214
-0.42625193364374525,-0.41092443764334313
-0.42419150270073513,-0.41079946834878694
-0.42213806227224215,-0.41067491999643635
-0.4200916969982621,-0.410550797756709
-0.4180524917467471,-0.4104271068138003
-0.4160205315959816,-0.4103038523645988
-0.41399590181658197,-0.41018103961758273
-0.4119786878530985,-0.4100586737916914
-0.40996897530523746,-0.4099367601151703
-0.40796684990870025,-0.40981530382439735
-0.40597239751564046,-0.40969431016268293
-0.4039857040747443,-0.4095737843790485
-0.40200685561093785,-0.40945373172698146
-0.4000359382047198,-0.4093341574631688
-0.3980730379711289,-0.409215066846206
-0.39611824103834675,-0.409096465135287
-0.39417163352594065,-0.4089783575888701
-0.39223330152274866,-0.4088607494633232
-0.3903033310644172,-0.40874364601154606
-0.3883818081105906,-0.4086270524815755
-0.3864688185217585,-0.4085109741151659
-0.38456444803576845,-0.40839541614635144
-0.3826687822440112,-0.40828038379998755
-0.38078190656727756,-0.40816588229027456
-0.3789039062313008,-0.4080519168192592
-0.3770348662419882,-0.4079384925753202
-0.3751748713603481,-0.40782561473163426
-0.3733240060771187,-0.4077132884446245
-0.37148235458711154,-0.4076015188523913
-0.3696500007632696,-0.4074903110731262
-0.3678270281304546,-0.4073796702035094
-0.3660135198389697,-0.4072696013170928
-0.36420955863782456,-0.40716010946266523
-0.3624152268477554,-0.4070511996626051
-0.36063060633400673,-0.4069428769112178
-0.35885577847888467,-0.40683514617306
-0.3570908241540936,-0.4067280123812505
-0.35533582369286515,-0.4066214804357703
-0.35359085686189023,-0.40651555520174804
-0.3518560028330633,-0.40641024150773847
-0.35013134015505587,-0.40630554414398756
-0.3484169467247223,-0.40620146786068867
-0.3467128997583577,-0.40609801736623163
-0.3450192757628154,-0.40599519732544204
-0.34333615050649635,-0.405893012357813
-0.3416635989902269,-0.40579146703573243
-0.3400016954180345,-0.40569056588270325
-0.3383505131678339,-0.4055903133715584
-0.33671012476204293,-0.4054907139226725
-0.3350806018381355,-0.40539177190217096
-0.3334620151191478,-0.4052934916201352
-0.33185443438415696,-0.4051958773288086
-0.33025792843873775,-0.4050989332207991
-0.3286725650854218,-0.40500266342728586
-0.32709841109416754,-0.4049070720162247
-0.32553553217285985,-0.40481216299055606
-0.32398399293785496,-0.40471794028641794
-0.32244385688458505,-0.4046244077713612
-0.32091518635824084,-0.4045315692425714
-0.3193980425245473,-0.40443942842509767
-0.31789248534064696,-0.40434798897008495
-0.31639857352611694,-0.40425725445302213
-0.31491636453412053,-0.4041672283719908
-0.3134459145227299,-0.4040779141459311
-0.3119872783264211,-0.40398931511291647
-0.3105405094277679,-0.4039014345284409
-0.30910565992935163,-0.40381427556372157
-0.3076827805259014,-0.40372784130401446
-0.30627192047668694,-0.4036421347469468
-0.30487312757817936,-0.40355715880086784
-0.3034864481369995,-0.40347291628321363
-0.3021119269431744,-0.4033894099188986
-0.3007496072437161,-0.4033066423387189
-0.2993995307165466,-0.4032246160777848
-0.2980617374447834,-0.40314333357397114
-0.29673626589140883,-0.40306279716639476
-0.2954231528743373,-0.40298300909391344
-0.29412243354190537,-0.40290397149365625
-0.2928341413487994,-0.40282568639957717
-0.29155830803243976,-0.4027481557410376
-0.2902949635898448,-0.40267138134142205
-0.2890441362549902,-0.4025953649167807
-0.2878058524766825,-0.4025201080745056
-0.28658013689696993,-0.40244561231204196
-0.285367012330104,-0.4023718790156304
-0.28416649974207603,-0.4022989094590877
-0.2829786182307436,-0.4022267048026217
-0.28180338500656876,-0.402155266091687
-0.2806408153739844,-0.40208459425587684
-0.2794909227134079,-0.4020146901078565
-0.2783537184639223,-0.4019455543423371
-0.27722921210663987,-0.4018771875350925
-0.27611741114876953,-0.4018095901420186
-0.2750183211084044,-0.40174276249823826
-0.27393194550004635,-0.4016767048172499
-0.2728582858208866,-0.4016114171901251
-0.2717973415378588,-0.4015468995847501
-0.27074911007548086,-0.4014831518451196
-0.269713586804505,-0.40142017369067845
-0.2686907650313871,-0.4013579647157123
-0.26768063598859604,-0.401296524388793
-0.2666831888257776,-0.4012358520522726
-0.26569841060178656,-0.4011759469218334
-0.2647262862776041,-0.4011168080860922
-0.26376679871015113,-0.4010584345062552
-0.2628199286470189,-0.40100082501583567
-0.2618856547221218,-0.40094397832042133
-0.260963953452292,-0.4008878929975041
-0.26005479923482555,-0.40083256749636464
-0.2591581643459928,-0.40077800013801695
-0.2582740189405264,-0.4007241891152135
-0.2574023310520939,-0.4006711324925079
-0.25654306659477094,-0.4006188282063796
-0.255696189365521,-0.4005672740654205
-0.2548616610476917,-0.4005164677505819
-0.25403944121553956,-0.40046640681548434
-0.25322948733978695,-0.4004170886867895
-0.2524317547942221,-0.40036851066463686
-0.2516461968633472,-0.40032066992314147
-0.25087276475108183,-0.40027356351095655
-0.2501114075905271,-0.4002271883519015
-0.24936207245479397,-0.40018154124565064
-0.24862470436890305,-0.40013661886849045
-0.24789924632275334,-0.4000924177741378
-0.2471856392851703,-0.4000489343946263
-0.24648382221902718,-0.4000061650412537
-0.2457937320974466,-0.3999641059055974
-0.24511530392107886,-0.39992275306059205
-0.24444847073645729,-0.39988210246167305
-0.24379316365543038,-0.3998421499479839
-0.24314931187566613,-0.3998028912436485
-0.24251684270222695,-0.39976432195910616
-0.24189568157021113,-0.39972643759251064
-0.24128575206845312,-0.3996892335311929
-0.2406869759642817,-0.39965270505318645
-0.24009927322932365,-0.3996168473288141
-0.23952256206634948,-0.3995816554223379
-0.23895675893715113,-0.3995471242936696
-0.23840177859143896,-0.39951324880014055
-0.23785753409675459,-0.39948002369833396
-0.2373239368693796,-0.3994474436459732
-0.23680089670623508,-0.3994155032038705
-0.2362883218177528,-0.3993841968379324
-0.23578611886170792,-0.399353518921221
-0.2352941929779945,-0.39932346373607064
-0.2348124478243313,-0.399294025476261
-0.23434078561287533,-0.3992651982492403
-0.2338791071477302,-0.39923697607840086
-0.23342731186332777,-0.39920935290541065
-0.23298529786366065,-0.39918232259258546
-0.23255296196235023,-0.3991558789253189
-0.23213019972352,-0.3991300156145498
-0.23171690550346097,-0.39910472629928423
-0.23131297249305507,-0.39908000454915316
-0.2309182927609399,-0.39905584386701864
-0.23053275729738362,-0.3990322376916168
-0.23015625605884624,-0.3990091794002413
-0.22978867801319858,-0.3989866623114649
-0.22942991118556924,-0.39896467968789434
-0.22907984270479329,-0.3989432247389621
-0.228738358850429,-0.39892229062374557
-0.228405345100314,-0.398901870453822
-0.22808068617862745,-0.39888195729614556
-0.22776426610442688,-0.39886254417595474
-0.22745596824062497,-0.3988436240797018
-0.22715567534337305,-0.39882518995800403
-0.22686326961181552,-0.3988072347286155
-0.22657863273818152,-0.39878975127941607
-0.22630164595817387,-0.3987727324714159
-0.2260321901016231,-0.39875617114177275
-0.22577014564336545,-0.39874006010682167
-0.22551539275430774,-0.3987243921651108
-0.22526781135264123,-0.39870916010044544
-0.22502728115516588,-0.39869435668493697
-0.2247936817286818,-0.39867997468205024
-0.22456689254141332,-0.39866600684965303
-0.2243467930144211,-0.39865244594306154
-0.22413326257296284,-0.3986392847180806
-0.22392618069776238,-0.3986265159340348
-0.22372542697614436,-0.3986141323567905
-0.2235308811529945,-0.39860212676176515
-0.2233424231815028,-0.39859049193692014
-0.22315993327364764,-0.3985792206857368
-0.22298329195038008,-0.39856830583017283
-0.22281238009146537,-0.39855774021359425
-0.22264707898494057,-0.39854751670368527
-0.2224872703761459,-0.3985376281953282
-0.222332836516288,-0.3985280676134541
-0.2221836602104956,-0.39851882791586396
-0.22203962486532278,-0.3985099020960108
-0.22190061453566293,-0.39850128318574907
-0.22176651397102923,-0.39849296425804237
-0.22163720866116526,-0.3984849384296316
-0.22151258488094197,-0.39847719886365873
-0.22139252973450516,-0.39846973877224345
-0.22127693119863334,-0.39846255141901504
-0.22116567816526908,-0.3984556301215919
-0.22105866048318465,-0.3984489682540093
-0.2209557689987482,-0.3984425592490931
-0.220856895595753,-0.3984363966007795
-0.22076193323427587,-0.398430473866373
-0.22067077598852944,-0.39842478466874814
-0.2205833190836792,-0.39841932269848873
-0.22049945893158862,-0.39841408171596354
-0.2204190931654655,-0.39840905555333717
-0.2203421206733784,-0.39840423811651554
-0.22026844163061557,-0.39839962338702317
-0.2201979575308587,-0.39839520542381157
-0.22013057121614601,-0.3983909783649955
-0.22006618690560187,-0.3983869364295216
-0.22000471022290666,-0.3983830739187594
-0.2199460482224903,-0.39837938521802346
-0.21989010941442372,-0.3983758647980157
-0.21983680378799628,-0.398372507216197
-0.21978604283395609,-0.3983693071180787
-0.21973773956540377,-0.3983662592384402
-0.21969180853732143,-0.39836335840246573
-0.2196481658647283,-0.3983605995268063
-0.2196067292394515,-0.3983579776205612
-0.21956741794550388,-0.39835548778618196
-0.21953015287306163,-0.39835312522029587
-0.21949485653103867,-0.39835088521445366
-0.21946145305825246,-0.39834876315579415
-0.21942986823318147,-0.398346754527634
-0.21940002948231477,-0.3983448549099775
-0.2193718658870944,-0.3983430599799459
-0.21934530818945744,-0.39834136551213345
-0.21932028879598078,-0.39833976737888216
-0.21929674178063846,-0.39833826155048263
-0.21927460288617773,-0.3983368440952958
-0.2192538095241299,-0.39833551117980287
-0.21923430077346298,-0.39833425906857806
-0.2192160173778944,-0.3983330841241892
-0.21919890174187812,-0.39833198280702625
-0.21918289792528323,-0.39833095167505594
-0.21916795163678324,-0.3983299873835084
-0.21915401022597777,-0.39832908668449474
-0.21914102267426397,-0.39832824642655335
-0.21912893958448668,-0.3983274635541341
-0.2191177131693852,-0.39832673510701355
-0.21910729723886663,-0.3983260582196478
-0.2190976471861284,-0.3983254301204622
-0.2190887199726594,-0.39832484813107993
-0.21908047411214604,-0.3983243096654896
-0.219072869653313,-0.3983238122291563
-0.2190658681617273,-0.3983233534180745
-0.21905943270059464,-0.39832293091776466
-0.21905352781057946,-0.3983225425022164
-0.21904811948867822,-0.39832218603277836
-0.219043175166177,-0.39832185945699683
-0.21903866368572283,-0.39832156080740333
-0.21903455527754137,-0.3983212882002544
-0.21903082153482847,-0.3983210398342215
-0.21902743538834846,-0.39832081398903574
-0.2190243710802677,-0.39832060902408634
-0.21902160413725252,-0.3983204233769757
-0.2190191113428601,-0.39832025556202755
-0.21901687070925216,-0.3983201041687561
-0.21901486144825733,-0.39831996786029117
-0.21901306394180906,-0.39831984537176196
-0.219011459711786,-0.3983197355086395
-0.21901003138928116,-0.398319637145042
-0.21900876268332234,-0.39831954922199736
-0.2190076383490696,-0.3983194707456684
-0.21900664415551385,-0.39831940078553973
-0.21900576685269701,-0.3983193384725636
-0.21900499413848223,-0.3983192829972735
-0.21900431462489023,-0.39831923360785343
-0.2190037178040311,-0.3983191896081762
-0.21900319401365237,-0.39831915035580245
-0.21900273440232754,-0.39831911525994307
-0.2190023308943137,-0.3983190837793879
-0.21900197615410522,-0.3983190554204009
-0.21900166355071227,-0.3983190297345785
-0.21900138712170347,-0.398319006316682
-0.21900114153704286,-0.3983189848024331
-0.21900092206277233,-0.3983189648662874
-0.21900072452458366,-0.3983189462191803
-0.21900054527133628,-0.3983189286062496
-0.21900038113859005,-0.3983189118045432
-0.21900022941222208,-0.39831889562071043
-0.21900008779221933,-0.398318879888689
-0.2189999543567438,-0.3983188644673891
-0.21899982752658653,-0.39831884923838456
-0.2189997060301453,-0.3983188341036228
-0.2189995888690774,-0.39831881898315935
-0.21899947528480704,-0.3983188038129367
-0.21899936472608533,-0.3983187885426124
-0.2189992568178422,-0.3983187731334668
-0.2189991513315864,-0.39831875755639456
-0.21899904815766305,-0.398318741790016
-0.21899894727970742,-0.398318725818924
-0.2189988487516851,-0.3983187096321003
-0.21899875267795982,-0.3983186932215331
-0.21899865919688313,-0.39831867658106995
-0.21899856846846943,-0.3983186597055528
