-0.9523502185249265,-0.6578913660246838
-0.9532840175400645,-0.658447876778895
-0.9542178165552025,-0.6590043875331064
-0.9551516155703405,-0.6595608982873176
-0.9560854145854786,-0.6601174090415288
-0.9570192136006166,-0.6606739197957401
-0.9579530126157546,-0.6612304305499515
-0.9588868116308926,-0.6617869413041627
-0.9598206106460306,-0.662343452058374
-0.9607544096611687,-0.6628999628125853
-0.9616882086763067,-0.6634564735667966
-0.9626220076914447,-0.6640129843210079
-0.9635558067065828,-0.6645694950752191
-0.9644896057217207,-0.6651260058294304
-0.9654234047368587,-0.6656825165836416
-0.9663572037519967,-0.6662390273378529
-0.9672910027671349,-0.6667955380920643
-0.9682248017822729,-0.6673520488462755
-0.9691586007974108,-0.6679085596004867
-0.9700923998125488,-0.6684650703546979
-0.9710261988276869,-0.6690215811089093
-0.9719599978428249,-0.6695780918631206
-0.972893796857963,-0.6701346026173318
-0.9738275958731009,-0.6706911133715432
-0.9747613948882389,-0.6712476241257544
-0.975695193903377,-0.6718041348799657
-0.9766289929185149,-0.672360645634177
-0.977562791933653,-0.6729171563883883
-0.9784965909487909,-0.6734736671425995
-0.979430389963929,-0.6740301778968107
-0.980364188979067,-0.6745866886510221
-0.9812979879942051,-0.6751431994052334
-0.9822317870093431,-0.6756997101594446
-0.983165586024481,-0.6762562209136558
-0.984099385039619,-0.6768127316678672
-0.9850331840547571,-0.6773692424220784
-0.9859669830698952,-0.6779257531762897
-0.9869007820850332,-0.678482263930501
-0.9878345811001711,-0.6790387746847123
-0.9887683801153092,-0.6795952854389236
-0.9897021791304472,-0.6801517961931348
-0.9906359781455851,-0.6807083069473462
-0.9915697771607233,-0.6812648177015574
-0.9925035761758612,-0.6818213284557686
-0.9934373751909993,-0.68237783920998
-0.9943711742061372,-0.6829343499641912
-0.9953049732212753,-0.6834908607184025
-0.9962387722364132,-0.6840473714726136
-0.9971725712515513,-0.684603882226825
-0.9981063702666892,-0.6851603929810363
-0.9990401692818274,-0.6857169037352475
-0.9999739682969654,-0.6862734144894589
-1.0009077673121034,-0.6868299252436701
-1.0018415663272413,-0.6873864359978814
-1.0027753653423794,-0.6879429467520928
-1.0037091643575176,-0.688499457506304
-1.0046429633726555,-0.6890559682605153
-1.0055767623877934,-0.6896124790147264
-1.0065105614029315,-0.6901689897689378
-1.0074443604180696,-0.6907255005231491
-1.0083781594332075,-0.6912820112773603
-1.0093119584483454,-0.6918385220315716
-1.0102457574634836,-0.6923950327857828
-1.0111795564786215,-0.6929515435399941
-1.0121133554937596,-0.6935080542942054
-1.0130471545088975,-0.6940645650484167
-1.0139809535240356,-0.694621075802628
-1.0149147525391737,-0.6951775865568393
-1.0158485515543116,-0.6957340973110505
-1.0167823505694495,-0.6962906080652619
-1.0177161495845877,-0.6968471188194731
-1.0186499485997258,-0.6974036295736844
-1.0195837476148637,-0.6979601403278957
-1.0205175466300016,-0.6985166510821069
-1.0214513456451397,-0.6990731618363182
-1.0223851446602779,-0.6996296725905294
-1.0233189436754158,-0.7001861833447407
-1.0242527426905537,-0.700742694098952
-1.0251865417056918,-0.7012992048531632
-1.02612034072083,-0.7018557156073746
-1.0270541397359678,-0.7024122263615858
-1.0279879387511057,-0.7029687371157971
-1.0289217377662438,-0.7035252478700084
-1.0298555367813818,-0.7040817586242197
-1.0307893357965199,-0.704638269378431
-1.031723134811658,-0.7051947801326423
-1.032656933826796,-0.7057512908868535
-1.0335907328419338,-0.7063078016410648
-1.034524531857072,-0.706864312395276
-1.03545833087221,-0.7074208231494874
-1.036392129887348,-0.7079773339036987
-1.0373259289024859,-0.7085338446579098
-1.038259727917624,-0.7090903554121211
-1.0391935269327621,-0.7096468661663324
-1.0401273259479,-0.7102033769205437
-1.0410611249630382,-0.710759887674755
-1.041994923978176,-0.7113163984289662
-1.0429287229933142,-0.7118729091831776
-1.043862522008452,-0.7124294199373888
-1.0447963210235902,-0.7129859306916001
-1.0457301200387281,-0.7135424414458114
-1.046663919053866,-0.7140989522000226
-1.0475977180690041,-0.7146554629542339
-1.0485315170841423,-0.7152119737084451
-1.0494653160992802,-0.7157684844626565
-1.0503991151144183,-0.7163249952168678
-1.0513329141295562,-0.7168815059710789
-1.0522667131446943,-0.7174380167252903
-1.0532005121598322,-0.7179945274795015
-1.0541343111749704,-0.7185510382337128
-1.0550681101901083,-0.7191075489879242
-1.0560019092052462,-0.7196640597421353
-1.0569357082203843,-0.7202205704963467
-1.0578695072355224,-0.720777081250558
-1.0588033062506603,-0.7213335920047692
-1.0597371052657985,-0.7218901027589806
-1.0606709042809364,-0.7224466135131917
-1.0616047032960745,-0.723003124267403
-1.0625385023112124,-0.7235596350216144
-1.0634723013263505,-0.7241161457758256
-1.0644061003414886,-0.7246726565300369
-1.0653398993566265,-0.7252291672842481
-1.0662736983717644,-0.7257856780384594
-1.0672074973869026,-0.7263421887926707
-1.0681412964020407,-0.726898699546882
-1.0690750954171786,-0.7274552103010933
-1.0700088944323165,-0.7280117210553045
-1.0709426934474546,-0.7285682318095158
-1.0718764924625925,-0.7291247425637271
-1.0728102914777307,-0.7296812533179384
-1.0737440904928688,-0.7302377640721497
-1.0746778895080067,-0.7307942748263608
-1.0756116885231446,-0.7313507855805721
-1.0765454875382827,-0.7319072963347835
-1.0774792865534208,-0.7324638070889947
-1.0784130855685587,-0.733020317843206
-1.0793468845836967,-0.7335768285974172
-1.0802806835988346,-0.7341333393516285
-1.0812144826139727,-0.7346898501058398
-1.0821482816291108,-0.7352463608600511
-1.083082080644249,-0.7358028716142624
-1.0840158796593868,-0.7363593823684736
-1.0849496786745247,-0.7369158931226849
-1.0858834776896629,-0.7374724038768963
-1.086817276704801,-0.7380289146311075
-1.087751075719939,-0.7385854253853188
-1.0886848747350768,-0.73914193613953
-1.089618673750215,-0.7396984468937413
-1.090552472765353,-0.7402549576479526
-1.091486271780491,-0.7408114684021638
-1.092420070795629,-0.7413679791563752
-1.093353869810767,-0.7419244899105863
-1.0942876688259051,-0.7424810006647977
-1.095221467841043,-0.7430375114190089
-1.0961552668561811,-0.7435940221732202
-1.097089065871319,-0.7441505329274315
-1.0980228648864572,-0.7447070436816428
-1.098956663901595,-0.7452635544358541
-1.0998904629167332,-0.7458200651900654
-1.100824261931871,-0.7463765759442766
-1.101758060947009,-0.746933086698488
-1.1026918599621471,-0.7474895974526992
-1.1036256589772853,-0.7480461082069104
-1.1045594579924232,-0.7486026189611217
-1.105493257007561,-0.749159129715333
-1.1064270560226992,-0.7497156404695443
-1.1073608550378373,-0.7502721512237556
-1.1082946540529752,-0.7508286619779668
-1.1092284530681131,-0.7513851727321781
-1.1101622520832513,-0.7519416834863893
-1.1110960510983894,-0.7524981942406006
-1.1120298501135273,-0.753054704994812
-1.1129636491286652,-0.7536112157490232
-1.1138974481438033,-0.7541677265032345
-1.1148312471589414,-0.7547242372574459
-1.1157650461740796,-0.7552807480116571
-1.1166988451892172,-0.7558372587658683
-1.1176326442043554,-0.7563937695200795
-1.1185664432194935,-0.7569502802742909
-1.1195002422346314,-0.7575067910285022
-1.1204340412497695,-0.7580633017827134
-1.1213678402649074,-0.7586198125369246
-1.1223016392800456,-0.7591763232911359
-1.1232354382951837,-0.7597328340453472
-1.1241692373103214,-0.7602893447995586
-1.1251030363254597,-0.7608458555537698
-1.1260368353405976,-0.7614023663079811
-1.1269706343557355,-0.7619588770621923
-1.1279044333708736,-0.7625153878164037
-1.1288382323860116,-0.7630718985706149
-1.1297720314011497,-0.7636284093248262
-1.1307058304162876,-0.7641849200790374
-1.1316396294314257,-0.7647414308332487
-1.1325734284465638,-0.76529794158746
-1.1335072274617017,-0.7658544523416713
-1.1344410264768396,-0.7664109630958826
-1.1353748254919775,-0.7669674738500938
-1.136308624507116,-0.767523984604305
-1.1372424235222538,-0.7680804953585163
-1.1381762225373917,-0.7686370061127277
-1.1391100215525298,-0.7691935168669389
-1.1400438205676677,-0.7697500276211502
-1.1409776195828059,-0.7703065383753616
-1.1419114185979438,-0.7708630491295728
-1.1428452176130819,-0.771419559883784
-1.14377901662822,-0.7719760706379952
-1.144712815643358,-0.7725325813922066
-1.1456466146584958,-0.7730890921464179
-1.146580413673634,-0.7736456029006291
-1.1475142126887719,-0.7742021136548403
-1.14844801170391,-0.7747586244090516
-1.1493818107190479,-0.7753151351632629
-1.150315609734186,-0.7758716459174742
-1.1512494087493241,-0.7764281566716855
-1.152183207764462,-0.7769846674258968
-1.1531170067796,-0.777541178180108
-1.154050805794738,-0.7780976889343194
-1.1549846048098762,-0.7786541996885307
-1.155918403825014,-0.7792107104427419
-1.156852202840152,-0.7797672211969531
-1.1577860018552901,-0.7803237319511644
-1.1587198008704283,-0.7808802427053757
-1.1596535998855662,-0.781436753459587
-1.160587398900704,-0.7819932642137983
-1.1615211979158422,-0.7825497749680095
-1.1624549969309803,-0.7831062857222207
-1.1633887959461182,-0.783662796476432
-1.1643225949612561,-0.7842193072306434
-1.1652563939763942,-0.7847758179848546
-1.1661901929915324,-0.7853323287390659
-1.1671239920066703,-0.7858888394932773
-1.1680577910218082,-0.7864453502474885
-1.1689915900369463,-0.7870018610016998
-1.1699253890520844,-0.7875583717559111
-1.1708591880672223,-0.7881148825101223
-1.1717929870823602,-0.7886713932643336
-1.1727267860974984,-0.7892279040185448
-1.1736605851126365,-0.7897844147727562
-1.1745943841277744,-0.7903409255269674
-1.1755281831429123,-0.7908974362811786
-1.1764619821580504,-0.79145394703539
-1.1773957811731885,-0.7920104577896012
-1.1783295801883265,-0.7925669685438126
-1.1792633792034646,-0.7931234792980237
-1.1801971782186025,-0.7936799900522351
-1.1811309772337404,-0.7942365008064464
-1.1820647762488785,-0.7947930115606576
-1.1829985752640166,-0.7953495223148689
-1.1839323742791548,-0.7959060330690801
-1.1848661732942924,-0.7964625438232914
-1.1857999723094306,-0.7970190545775027
-1.1867337713245687,-0.797575565331714
-1.1876675703397066,-0.7981320760859252
-1.1886013693548447,-0.7986885868401365
-1.1895351683699826,-0.7992450975943478
-1.1904689673851208,-0.7998016083485591
-1.1914027664002589,-0.8003581191027704
-1.1923365654153968,-0.8009146298569816
-1.1932703644305347,-0.801471140611193
-1.1942041634456726,-0.8020276513654041
-1.195137962460811,-0.8025841621196155
-1.1960717614759488,-0.8031406728738268
-1.1970055604910868,-0.803697183628038
-1.1979393595062249,-0.8042536943822494
-1.1988731585213628,-0.8048102051364605
-1.199806957536501,-0.8053667158906719
-1.2007407565516388,-0.8059232266448831
-1.201674555566777,-0.8064797373990944
-1.202608354581915,-0.8070362481533058
-1.203542153597053,-0.8075927589075169
-1.2044759526121909,-0.8081492696617283
-1.205409751627329,-0.8087057804159394
-1.206343550642467,-0.8092622911701508
-1.207277349657605,-0.8098188019243622
-1.208211148672743,-0.8103753126785733
-1.209144947687881,-0.8109318234327847
-1.210078746703019,-0.8114883341869958
-1.211012545718157,-0.8120448449412072
-1.211946344733295,-0.8126013556954186
-1.2128801437484331,-0.8131578664496297
-1.2138139427635712,-0.813714377203841
-1.2147477417787091,-0.8142708879580522
-1.215681540793847,-0.8148273987122635
-1.2166153398089854,-0.8153839094664748
-1.217549138824123,-0.8159404202206861
-1.2184829378392612,-0.8164969309748974
-1.219416736854399,-0.8170534417291087
-1.2203505358695372,-0.8176099524833199
-1.2212843348846754,-0.8181664632375312
-1.2222181338998133,-0.8187229739917424
-1.2231519329149512,-0.8192794847459538
-1.2240857319300893,-0.8198359955001651
-1.2250195309452272,-0.8203925062543762
-1.2259533299603653,-0.8209490170085876
-1.2268871289755032,-0.8215055277627987
-1.2278209279906416,-0.8220620385170101
-1.2287547270057795,-0.8226185492712215
-1.2296885260209174,-0.8231750600254326
-1.2306223250360555,-0.823731570779644
-1.2315561240511932,-0.8242880815338551
-1.2324899230663315,-0.8248445922880665
-1.2334237220814694,-0.8254011030422778
-1.2343575210966073,-0.825957613796489
-1.2352913201117455,-0.8265141245507004
-1.2362251191268836,-0.8270706353049116
-1.2371589181420215,-0.8276271460591229
-1.2380927171571594,-0.8281836568133342
-1.2390265161722973,-0.8287401675675454
-1.2399603151874357,-0.8292966783217568
-1.2408941142025736,-0.829853189075968
-1.2418279132177117,-0.8304096998301793
-1.2427617122328496,-0.8309662105843905
-1.2436955112479877,-0.8315227213386018
-1.2446293102631256,-0.8320792320928131
-1.2455631092782637,-0.8326357428470244
-1.2464969082934017,-0.8331922536012357
-1.2474307073085398,-0.8337487643554469
-1.2483645063236777,-0.8343052751096582
-1.2492983053388158,-0.8348617858638695
-1.2502321043539537,-0.8354182966180808
-1.2511659033690918,-0.8359748073722921
-1.2520997023842297,-0.8365313181265033
-1.2530335013993679,-0.8370878288807145
-1.253967300414506,-0.8376443396349259
-1.254901099429644,-0.8382008503891372
-1.2558348984447818,-0.8387573611433483
-1.2567686974599197,-0.8393138718975597
-1.2577024964750578,-0.8398703826517709
-1.258636295490196,-0.8404268934059822
-1.2595700945053339,-0.8409834041601936
-1.2605038935204718,-0.8415399149144047
-1.26143769253561,-0.8420964256686161
-1.262371491550748,-0.8426529364228273
-1.263305290565886,-0.8432094471770386
-1.2642390895810238,-0.84376595793125
-1.265172888596162,-0.8443224686854611
-1.2661066876113,-0.8448789794396725
-1.267040486626438,-0.8454354901938836
-1.267974285641576,-0.845992000948095
-1.2689080846567142,-0.8465485117023063
-1.2698418836718521,-0.8471050224565175
-1.2707756826869903,-0.8476615332107289
-1.271709481702128,-0.84821804396494
-1.2726432807172663,-0.8487745547191514
-1.2735770797324042,-0.8493310654733627
-1.274510878747542,-0.8498875762275739
-1.2754446777626802,-0.8504440869817853
-1.2763784767778181,-0.8510005977359965
-1.2773122757929563,-0.8515571084902078
-1.2782460748080942,-0.852113619244419
-1.2791798738232323,-0.8526701299986303
-1.2801136728383704,-0.8532266407528417
-1.2810474718535083,-0.8537831515070529
-1.2819812708686462,-0.8543396622612642
-1.2829150698837843,-0.8548961730154754
-1.2838488688989225,-0.8554526837696866
-1.2847826679140604,-0.856009194523898
-1.2857164669291983,-0.8565657052781093
-1.2866502659443364,-0.8571222160323205
-1.2875840649594745,-0.8576787267865318
-1.2885178639746124,-0.858235237540743
-1.2894516629897503,-0.8587917482949543
-1.2903854620048882,-0.8593482590491656
-1.2913192610200266,-0.8599047698033768
-1.2922530600351645,-0.8604612805575882
-1.2931868590503024,-0.8610177913117995
-1.2941206580654407,-0.8615743020660107
-1.2950544570805786,-0.8621308128202219
-1.2959882560957166,-0.8626873235744332
-1.2969220551108545,-0.8632438343286446
-1.2978558541259926,-0.8638003450828557
-1.2987896531411307,-0.8643568558370671
-1.2997234521562686,-0.8649133665912783
-1.3006572511714065,-0.8654698773454896
-1.3015910501865446,-0.8660263880997009
-1.3025248492016828,-0.8665828988539122
-1.3034586482168207,-0.8671394096081235
-1.3043924472319586,-0.8676959203623347
-1.3053262462470967,-0.868252431116546
-1.3062600452622348,-0.8688089418707573
-1.3071938442773727,-0.8693654526249686
-1.3081276432925109,-0.8699219633791799
-1.3090614423076488,-0.8704784741333911
-1.3099952413227869,-0.8710349848876024
-1.3109290403379248,-0.8715914956418136
-1.3118628393530627,-0.872148006396025
-1.312796638368201,-0.8727045171502362
-1.313730437383339,-0.8732610279044475
-1.3146642363984768,-0.8738175386586589
-1.3155980354136148,-0.87437404941287
-1.3165318344287529,-0.8749305601670814
-1.317465633443891,-0.8754870709212926
-1.318399432459029,-0.8760435816755039
-1.319333231474167,-0.8766000924297153
-1.3202670304893052,-0.8771566031839264
-1.321200829504443,-0.8777131139381378
-1.322134628519581,-0.878269624692349
-1.3230684275347189,-0.8788261354465602
-1.3240022265498572,-0.8793826462007714
-1.3249360255649951,-0.8799391569549828
-1.325869824580133,-0.8804956677091941
-1.3268036235952712,-0.8810521784634053
-1.327737422610409,-0.8816086892176166
-1.3286712216255472,-0.8821651999718279
-1.329605020640685,-0.8827217107260392
-1.330538819655823,-0.8832782214802505
-1.3314726186709613,-0.8838347322344617
-1.3324064176860992,-0.884391242988673
-1.3333402167012371,-0.8849477537428843
-1.3342740157163753,-0.8855042644970956
-1.3352078147315134,-0.8860607752513068
-1.3361416137466513,-0.8866172860055181
-1.3370754127617892,-0.8871737967597293
-1.3380092117769273,-0.8877303075139407
-1.3389430107920655,-0.8882868182681519
-1.3398768098072034,-0.8888433290223632
-1.3408106088223413,-0.8893998397765746
-1.3417444078374792,-0.8899563505307857
-1.3426782068526175,-0.8905128612849971
-1.3436120058677554,-0.8910693720392082
-1.3445458048828933,-0.8916258827934196
-1.3454796038980317,-0.892182393547631
-1.3464134029131696,-0.8927389043018421
-1.3473472019283075,-0.8932954150560535
-1.3482810009434454,-0.8938519258102647
-1.3492147999585835,-0.8944084365644759
-1.3501485989737216,-0.8949649473186873
-1.3510823979888595,-0.8955214580728984
-1.3520161970039974,-0.8960779688271098
-1.3529499960191356,-0.896634479581321
-1.3538837950342737,-0.8971909903355324
-1.3548175940494116,-0.8977475010897437
-1.3557513930645495,-0.8983040118439549
-1.3566851920796876,-0.8988605225981663
-1.3576189910948255,-0.8994170333523774
-1.3585527901099637,-0.8999735441065887
-1.3594865891251018,-0.9005300548608
-1.36042038814024,-0.9010865656150113
-1.3613541871553778,-0.9016430763692226
-1.3622879861705157,-0.9021995871234338
-1.3632217851856536,-0.9027560978776451
-1.364155584200792,-0.9033126086318565
-1.3650893832159299,-0.9038691193860676
-1.3660231822310678,-0.9044256301402789
-1.3669569812462057,-0.9049821408944901
-1.3678907802613438,-0.9055386516487014
-1.368824579276482,-0.9060951624029128
-1.3697583782916198,-0.9066516731571241
-1.3706921773067577,-0.9072081839113353
-1.3716259763218959,-0.9077646946655467
-1.372559775337034,-0.9083212054197578
-1.373493574352172,-0.9088777161739692
-1.37442737336731,-0.9094342269281804
-1.3753611723824481,-0.9099907376823917
-1.376294971397586,-0.910547248436603
-1.377228770412724,-0.9111037591908142
-1.378162569427862,-0.9116602699450256
-1.3790963684430002,-0.9122167806992368
-1.3800301674581381,-0.9127732914534481
-1.380963966473276,-0.9133298022076594
-1.381897765488414,-0.9138863129618706
-1.382831564503552,-0.9144428237160819
-1.3837653635186902,-0.9149993344702931
-1.384699162533828,-0.9155558452245045
-1.3856329615489662,-0.9161123559787157
-1.386566760564104,-0.916668866732927
-1.3875005595792422,-0.9172253774871384
-1.3884343585943801,-0.9177818882413495
-1.3893681576095183,-0.9183383989955608
-1.3903019566246564,-0.9188949097497722
-1.3912357556397943,-0.9194514205039833
-1.3921695546549322,-0.9200079312581947
-1.3931033536700703,-0.920564442012406
-1.3940371526852082,-0.9211209527666172
-1.3949709517003464,-0.9216774635208285
-1.3959047507154843,-0.9222339742750396
-1.3968385497306224,-0.9227904850292511
-1.3977723487457603,-0.9233469957834624
-1.3987061477608984,-0.9239035065376735
-1.3996399467760365,-0.9244600172918849
-1.4005737457911744,-0.9250165280460961
-1.4015075448063126,-0.9255730388003074
-1.4024413438214505,-0.9261295495545188
-1.4033751428365884,-0.92668606030873
-1.4043089418517265,-0.9272425710629413
-1.4052427408668644,-0.9277990818171524
-1.4061765398820025,-0.9283555925713638
-1.4071103388971404,-0.9289121033255751
-1.4080441379122786,-0.9294686140797863
-1.4089779369274167,-0.9300251248339977
-1.4099117359425546,-0.9305816355882088
-1.4108455349576925,-0.9311381463424202
-1.4117793339728306,-0.9316946570966314
-1.4127131329879687,-0.9322511678508427
-1.4136469320031066,-0.9328076786050541
-1.4145807310182446,-0.9333641893592652
-1.4155145300333827,-0.9339207001134766
-1.4164483290485208,-0.9344772108676879
-1.4173821280636587,-0.9350337216218991
-1.4183159270787968,-0.9355902323761104
-1.4192497260939347,-0.9361467431303216
-1.4201835251090729,-0.9367032538845329
-1.4211173241242108,-0.9372597646387442
-1.4220511231393487,-0.9378162753929554
-1.4229849221544868,-0.9383727861471667
-1.423918721169625,-0.938929296901378
-1.4248525201847628,-0.9394858076555894
-1.425786319199901,-0.9400423184098006
-1.4267201182150389,-0.9405988291640119
-1.427653917230177,-0.9411553399182231
-1.4285877162453149,-0.9417118506724345
-1.429521515260453,-0.9422683614266457
-1.430455314275591,-0.942824872180857
-1.431389113290729,-0.9433813829350682
-1.432322912305867,-0.9439378936892795
-1.433256711321005,-0.9444944044434908
-1.434190510336143,-0.945050915197702
-1.435124309351281,-0.9456074259519133
-1.436058108366419,-0.9461639367061245
-1.436991907381557,-0.9467204474603359
-1.437925706396695,-0.9472769582145473
-1.4388595054118332,-0.9478334689687584
-1.439793304426971,-0.9483899797229698
-1.4407271034421092,-0.9489464904771809
-1.441660902457247,-0.9495030012313923
-1.4425947014723852,-0.9500595119856036
-1.4435285004875231,-0.9506160227398148
-1.4444622995026613,-0.9511725334940261
-1.4453960985177992,-0.9517290442482373
-1.4463298975329373,-0.9522855550024486
-1.4472636965480754,-0.95284206575666
-1.4481974955632133,-0.9533985765108712
-1.4491312945783514,-0.9539550872650825
-1.4500650935934893,-0.9545115980192937
-1.4509988926086272,-0.955068108773505
-1.4519326916237654,-0.9556246195277163
-1.4528664906389035,-0.9561811302819276
-1.4538002896540414,-0.9567376410361388
-1.4547340886691793,-0.9572941517903502
-1.4556678876843172,-0.9578506625445613
-1.4566016866994556,-0.9584071732987727
-1.4575354857145935,-0.9589636840529839
-1.4584692847297314,-0.9595201948071952
-1.4594030837448693,-0.9600767055614065
-1.4603368827600074,-0.9606332163156178
-1.4612706817751455,-0.9611897270698291
-1.4622044807902834,-0.9617462378240403
-1.4631382798054213,-0.9623027485782516
-1.4640720788205595,-0.9628592593324629
-1.4650058778356976,-0.9634157700866741
-1.4659396768508355,-0.9639722808408855
-1.4668734758659734,-0.9645287915950966
-1.4678072748811115,-0.965085302349308
-1.4687410738962494,-0.9656418131035192
-1.4696748729113875,-0.9661983238577306
-1.4706086719265254,-0.9667548346119419
-1.4715424709416636,-0.9673113453661532
-1.4724762699568017,-0.9678678561203644
-1.4734100689719398,-0.9684243668745757
-1.474343867987078,-0.9689808776287869
-1.4752776670022159,-0.9695373883829982
-1.4762114660173538,-0.9700938991372094
-1.4771452650324919,-0.9706504098914207
-1.4780790640476298,-0.971206920645632
-1.479012863062768,-0.9717634313998433
-1.4799466620779058,-0.9723199421540545
-1.480880461093044,-0.9728764529082659
-1.4818142601081818,-0.973432963662477
-1.4827480591233198,-0.9739894744166884
-1.4836818581384579,-0.9745459851708997
-1.4846156571535958,-0.975102495925111
-1.485549456168734,-0.9756590066793223
-1.4864832551838718,-0.9762155174335335
-1.48741705419901,-0.9767720281877448
-1.4883508532141478,-0.977328538941956
-1.489284652229286,-0.9778850496961673
-1.4902184512444239,-0.9784415604503786
-1.491152250259562,-0.9789980712045898
-1.4920860492747,-0.9795545819588011
-1.493019848289838,-0.9801110927130126
-1.493953647304976,-0.9806676034672237
-1.494887446320114,-0.9812241142214351
-1.495821245335252,-0.9817806249756462
-1.4967550443503899,-0.9823371357298576
-1.497688843365528,-0.9828936464840689
-1.4986226423806661,-0.9834501572382801
-1.4995564413958042,-0.9840066679924914
-1.5004902404109424,-0.9845631787467026
-1.5014240394260803,-0.9851196895009139
-1.5023578384412184,-0.9856762002551251
-1.5032916374563563,-0.9862327110093364
-1.5042254364714944,-0.9867892217635477
-1.5051592354866323,-0.987345732517759
-1.5060930345017702,-0.9879022432719703
-1.5070268335169084,-0.9884587540261816
-1.5079606325320463,-0.9890152647803929
-1.5088944315471844,-0.9895717755346041
-1.5098282305623223,-0.9901282862888154
-1.5107620295774602,-0.9906847970430266
-1.5116958285925983,-0.991241307797238
-1.5126296276077364,-0.9917978185514492
-1.5135634266228744,-0.9923543293056605
-1.5144972256380123,-0.9929108400598717
-1.5154310246531504,-0.993467350814083
-1.5163648236682885,-0.9940238615682944
-1.5172986226834264,-0.9945803723225056
-1.5182324216985643,-0.9951368830767169
-1.5191662207137024,-0.9956933938309281
-1.5201000197288406,-0.9962499045851394
-1.5210338187439785,-0.9968064153393508
-1.5219676177591164,-0.9973629260935619
-1.5229014167742545,-0.9979194368477733
-1.5238352157893924,-0.9984759476019844
-1.5247690148045305,-0.9990324583561958
-1.5257028138196684,-0.9995889691104071
-1.5266366128348068,-1.0001454798646183
-1.5275704118499447,-1.0007019906188297
-1.5285042108650826,-1.0012585013730408
-1.529438009880221,-1.0018150121272522
-1.5303718088953588,-1.0023715228814636
-1.5313056079104967,-1.0029280336356747
-1.5322394069256347,-1.003484544389886
-1.5331732059407728,-1.0040410551440972
-1.534107004955911,-1.0045975658983086
-1.5350408039710488,-1.0051540766525198
-1.5359746029861867,-1.0057105874067311
-1.5369084020013248,-1.0062670981609423
-1.5378422010164627,-1.0068236089151537
-1.5387760000316009,-1.007380119669365
-1.5397097990467388,-1.0079366304235764
-1.540643598061877,-1.0084931411777875
-1.5415773970770148,-1.0090496519319987
-1.542511196092153,-1.00960616268621
-1.5434449951072908,-1.0101626734404214
-1.544378794122429,-1.0107191841946326
-1.5453125931375669,-1.011275694948844
-1.546246392152705,-1.011832205703055
-1.5471801911678429,-1.0123887164572665
-1.548113990182981,-1.0129452272114776
-1.549047789198119,-1.013501737965689
-1.549981588213257,-1.0140582487199004
-1.550915387228395,-1.0146147594741115
-1.551849186243533,-1.0151712702283229
-1.5527829852586712,-1.0157277809825342
-1.553716784273809,-1.0162842917367454
-1.5546505832889472,-1.0168408024909565
-1.5555843823040851,-1.017397313245168
-1.5565181813192233,-1.0179538239993793
-1.5574519803343612,-1.0185103347535904
-1.5583857793494993,-1.0190668455078018
-1.5593195783646372,-1.019623356262013
-1.5602533773797753,-1.0201798670162243
-1.5611871763949132,-1.0207363777704355
-1.5621209754100513,-1.0212928885246468
-1.5630547744251893,-1.0218493992788582
-1.5639885734403274,-1.0224059100330694
-1.5649223724554653,-1.0229624207872807
-1.5658561714706032,-1.0235189315414919
-1.5667899704857413,-1.0240754422957032
-1.5677237695008794,-1.0246319530499144
-1.5686575685160173,-1.0251884638041258
-1.5695913675311552,-1.0257449745583371
-1.5705251665462934,-1.0263014853125483
-1.5714589655614315,-1.0268579960667596
-1.5723927645765694,-1.027414506820971
-1.5733265635917073,-1.0279710175751822
-1.5742603626068454,-1.0285275283293935
-1.5751941616219833,-1.0290840390836047
-1.5761279606371215,-1.029640549837816
-1.5770617596522594,-1.0301970605920272
-1.5779955586673975,-1.0307535713462386
-1.5789293576825356,-1.0313100821004497
-1.5798631566976735,-1.031866592854661
-1.5807969557128116,-1.0324231036088722
-1.5817307547279498,-1.0329796143630836
-1.5826645537430877,-1.033536125117295
-1.5835983527582256,-1.0340926358715061
-1.5845321517733637,-1.0346491466257175
-1.5854659507885018,-1.0352056573799289
-1.5863997498036397,-1.03576216813414
-1.5873335488187776,-1.0363186788883514
-1.5882673478339158,-1.0368751896425625
-1.589201146849054,-1.037431700396774
-1.5901349458641918,-1.037988211150985
-1.5910687448793297,-1.0385447219051964
-1.5920025438944678,-1.0391012326594076
-1.5929363429096057,-1.039657743413619
-1.5938701419247439,-1.04021425416783
-1.5948039409398818,-1.0407707649220415
-1.5957377399550199,-1.0413272756762528
-1.5966715389701578,-1.0418837864304642
-1.597605337985296,-1.0424402971846753
-1.5985391370004338,-1.0429968079388867
-1.599472936015572,-1.0435533186930979
-1.6004067350307098,-1.0441098294473092
-1.601340534045848,-1.0446663402015204
-1.6022743330609859,-1.0452228509557318
-1.603208132076124,-1.045779361709943
-1.604141931091262,-1.0463358724641543
-1.6050757301064,-1.0468923832183654
-1.6060095291215382,-1.0474488939725768
-1.606943328136676,-1.048005404726788
-1.6078771271518142,-1.0485619154809993
-1.608810926166952,-1.0491184262352107
-1.6097447251820902,-1.049674936989422
-1.6106785241972281,-1.0502314477436332
-1.6116123232123662,-1.0507879584978443
-1.6125461222275042,-1.0513444692520557
-1.6134799212426423,-1.051900980006267
-1.6144137202577802,-1.0524574907604782
-1.6153475192729183,-1.0530140015146896
-1.6162813182880562,-1.0535705122689007
-1.6172151173031943,-1.0541270230231121
-1.6181489163183322,-1.0546835337773235
-1.6190827153334704,-1.0552400445315346
-1.6200165143486083,-1.055796555285746
-1.6209503133637462,-1.0563530660399572
-1.6218841123788843,-1.0569095767941685
-1.6228179113940224,-1.05746608754838
-1.6237517104091603,-1.058022598302591
-1.6246855094242982,-1.0585791090568022
-1.6256193084394361,-1.0591356198110136
-1.6265531074545745,-1.059692130565225
-1.6274869064697124,-1.060248641319436
-1.6284207054848503,-1.0608051520736475
-1.6293545044999882,-1.0613616628278586
-1.6302883035151263,-1.06191817358207
-1.6312221025302645,-1.0624746843362813
-1.6321559015454026,-1.0630311950904925
-1.6330897005605407,-1.0635877058447039
-1.6340234995756786,-1.064144216598915
-1.6349572985908165,-1.0647007273531264
-1.6358910976059546,-1.0652572381073377
-1.6368248966210928,-1.065813748861549
-1.6377586956362307,-1.06637025961576
-1.6386924946513686,-1.0669267703699714
-1.6396262936665067,-1.0674832811241828
-1.6405600926816448,-1.0680397918783942
-1.6414938916967827,-1.0685963026326053
-1.6424276907119206,-1.0691528133868167
-1.6433614897270588,-1.0697093241410278
-1.6442952887421969,-1.0702658348952392
-1.6452290877573348,-1.0708223456494503
-1.6461628867724727,-1.0713788564036617
-1.6470966857876106,-1.0719353671578729
-1.6480304848027487,-1.0724918779120842
-1.6489642838178868,-1.0730483886662956
-1.6498980828330247,-1.0736048994205067
-1.6508318818481627,-1.074161410174718
-1.6517656808633008,-1.0747179209289293
-1.6526994798784387,-1.0752744316831406
-1.6536332788935768,-1.075830942437352
-1.6545670779087147,-1.0763874531915631
-1.6555008769238528,-1.0769439639457745
-1.6564346759389907,-1.0775004746999857
-1.6573684749541289,-1.078056985454197
-1.6583022739692668,-1.0786134962084082
-1.6592360729844051,-1.0791700069626196
-1.660169871999543,-1.0797265177168307
-1.6611036710146811,-1.080283028471042
-1.662037470029819,-1.0808395392252532
-1.6629712690449572,-1.0813960499794648
-1.663905068060095,-1.081952560733676
-1.6648388670752332,-1.082509071487887
-1.6657726660903711,-1.0830655822420985
-1.666706465105509,-1.0836220929963098
-1.6676402641206471,-1.084178603750521
-1.6685740631357853,-1.0847351145047324
-1.6695078621509232,-1.0852916252589435
-1.670441661166061,-1.0858481360131549
-1.6713754601811992,-1.086404646767366
-1.6723092591963373,-1.0869611575215774
-1.6732430582114752,-1.0875176682757886
-1.6741768572266131,-1.08807417903
-1.6751106562417513,-1.088630689784211
-1.6760444552568892,-1.0891872005384224
-1.6769782542720273,-1.0897437112926338
-1.6779120532871652,-1.090300222046845
-1.6788458523023033,-1.0908567328010563
-1.6797796513174412,-1.0914132435552677
-1.6807134503325791,-1.0919697543094788
-1.6816472493477173,-1.0925262650636902
-1.6825810483628554,-1.0930827758179014
-1.6835148473779933,-1.0936392865721127
-1.6844486463931312,-1.0941957973263239
-1.6853824454082695,-1.0947523080805353
-1.6863162444234077,-1.0953088188347466
-1.6872500434385456,-1.0958653295889578
-1.6881838424536835,-1.0964218403431691
-1.6891176414688216,-1.0969783510973803
-1.6900514404839595,-1.0975348618515917
-1.6909852394990976,-1.0980913726058028
-1.6919190385142355,-1.0986478833600142
-1.6928528375293737,-1.0992043941142255
-1.6937866365445116,-1.0997609048684367
-1.6947204355596495,-1.1003174156226478
-1.6956542345747876,-1.1008739263768592
-1.6965880335899257,-1.1014304371310706
-1.6975218326050636,-1.1019869478852817
-1.6984556316202015,-1.102543458639493
-1.6993894306353396,-1.1030999693937045
-1.7003232296504778,-1.1036564801479156
-1.7012570286656157,-1.104212990902127
-1.7021908276807536,-1.1047695016563381
-1.7031246266958917,-1.1053260124105495
-1.7040584257110298,-1.1058825231647607
-1.7049922247261677,-1.106439033918972
-1.7059260237413056,-1.1069955446731834
-1.7068598227564438,-1.1075520554273945
-1.7077936217715817,-1.1081085661816057
-1.7087274207867198,-1.1086650769358173
-1.7096612198018577,-1.1092215876900284
-1.7105950188169958,-1.1097780984442398
-1.7115288178321337,-1.110334609198451
-1.7124626168472719,-1.1108911199526623
-1.71339641586241,-1.1114476307068735
-1.714330214877548,-1.1120041414610848
-1.715264013892686,-1.112560652215296
-1.716197812907824,-1.1131171629695074
-1.717131611922962,-1.1136736737237185
-1.7180654109381002,-1.1142301844779299
-1.718999209953238,-1.1147866952321412
-1.719933008968376,-1.1153432059863524
-1.720866807983514,-1.1158997167405638
-1.721800606998652,-1.116456227494775
-1.7227344060137901,-1.1170127382489863
-1.723668205028928,-1.1175692490031977
-1.7246020040440662,-1.1181257597574088
-1.725535803059204,-1.1186822705116202
-1.7264696020743422,-1.1192387812658313
-1.72740340108948,-1.1197952920200427
-1.7283372001046182,-1.1203518027742538
-1.7292709991197561,-1.1209083135284652
-1.7302047981348943,-1.1214648242826764
-1.7311385971500322,-1.1220213350368877
-1.7320723961651703,-1.122577845791099
-1.7330061951803082,-1.1231343565453102
-1.7339399941954463,-1.1236908672995216
-1.7348737932105842,-1.1242473780537328
-1.7358075922257221,-1.1248038888079441
-1.7367413912408602,-1.1253603995621555
-1.7376751902559984,-1.1259169103163669
-1.7386089892711365,-1.126473421070578
-1.7395427882862744,-1.1270299318247894
-1.7404765873014125,-1.1275864425790005
-1.7414103863165504,-1.1281429533332117
-1.7423441853316886,-1.128699464087423
-1.7432779843468265,-1.1292559748416342
-1.7442117833619646,-1.1298124855958456
-1.7451455823771025,-1.1303689963500567
-1.7460793813922406,-1.130925507104268
-1.7470131804073785,-1.1314820178584795
-1.7479469794225166,-1.1320385286126906
-1.7488807784376545,-1.132595039366902
-1.7498145774527925,-1.1331515501211131
-1.7507483764679306,-1.1337080608753247
-1.7516821754830687,-1.1342645716295359
-1.7526159744982066,-1.1348210823837472
-1.7535497735133445,-1.1353775931379584
-1.7544835725284826,-1.1359341038921698
-1.7554173715436208,-1.136490614646381
-1.7563511705587587,-1.137047125400592
-1.7572849695738966,-1.1376036361548034
-1.7582187685890347,-1.1381601469090146
-1.7591525676041728,-1.1387166576632262
-1.7600863666193107,-1.1392731684174373
-1.7610201656344486,-1.1398296791716487
-1.7619539646495868,-1.1403861899258598
-1.7628877636647247,-1.1409427006800712
-1.7638215626798628,-1.1414992114342826
-1.7647553616950007,-1.1420557221884937
-1.765689160710139,-1.142612232942705
-1.766622959725277,-1.1431687436969162
-1.7675567587404148,-1.1437252544511276
-1.768490557755553,-1.1442817652053388
-1.769424356770691,-1.14483827595955
-1.770358155785829,-1.1453947867137613
-1.771291954800967,-1.1459512974679724
-1.772225753816105,-1.1465078082221838
-1.7731595528312432,-1.1470643189763952
-1.774093351846381,-1.1476208297306065
-1.775027150861519,-1.1481773404848177
-1.775960949876657,-1.148733851239029
-1.776894748891795,-1.1492903619932402
-1.7778285479069331,-1.1498468727474516
-1.778762346922071,-1.150403383501663
-1.7796961459372092,-1.150959894255874
-1.780629944952347,-1.1515164050100855
-1.781563743967485,-1.1520729157642966
-1.782497542982623,-1.152629426518508
-1.7834313419977612,-1.1531859372727191
-1.7843651410128991,-1.1537424480269305
-1.785298940028037,-1.1542989587811416
-1.7862327390431751,-1.154855469535353
-1.7871665380583133,-1.1554119802895644
-1.7881003370734512,-1.1559684910437755
-1.789034136088589,-1.156525001797987
-1.7899679351037272,-1.157081512552198
-1.790901734118865,-1.1576380233064094
-1.7918355331340032,-1.1581945340606208
-1.7927693321491414,-1.158751044814832
-1.7937031311642795,-1.1593075555690433
-1.7946369301794174,-1.1598640663232545
-1.7955707291945553,-1.1604205770774658
-1.7965045282096934,-1.160977087831677
-1.7974383272248315,-1.1615335985858883
-1.7983721262399694,-1.1620901093400995
-1.7993059252551074,-1.1626466200943109
-1.8002397242702455,-1.163203130848522
-1.8011735232853836,-1.1637596416027334
-1.8021073223005215,-1.1643161523569447
-1.8030411213156594,-1.164872663111156
-1.8039749203307975,-1.1654291738653673
-1.8049087193459354,-1.1659856846195784
-1.8058425183610736,-1.16654219537379
-1.8067763173762115,-1.1670987061280012
-1.8077101163913496,-1.1676552168822125
-1.8086439154064875,-1.1682117276364237
-1.8095777144216254,-1.168768238390635
-1.8105115134367635,-1.1693247491448462
-1.8114453124519017,-1.1698812598990573
-1.8123791114670396,-1.1704377706532687
-1.8133129104821775,-1.1709942814074799
-1.8142467094973156,-1.1715507921616912
-1.8151805085124537,-1.1721073029159026
-1.8161143075275916,-1.1726638136701137
-1.8170481065427295,-1.1732203244243251
-1.8179819055578677,-1.1737768351785365
-1.8189157045730058,-1.1743333459327476
-1.819849503588144,-1.174889856686959
-1.8207833026032818,-1.1754463674411704
-1.82171710161842,-1.1760028781953815
-1.8226509006335578,-1.1765593889495929
-1.823584699648696,-1.177115899703804
-1.8245184986638339,-1.1776724104580152
-1.825452297678972,-1.1782289212122266
-1.82638609669411,-1.1787854319664377
-1.827319895709248,-1.179341942720649
-1.828253694724386,-1.1798984534748604
-1.829187493739524,-1.1804549642290718
-1.830121292754662,-1.181011474983283
-1.8310550917697999,-1.1815679857374943
-1.831988890784938,-1.1821244964917055
-1.832922689800076,-1.1826810072459168
-1.833856488815214,-1.1832375180001282
-1.834790287830352,-1.1837940287543394
-1.83572408684549,-1.1843505395085507
-1.836657885860628,-1.1849070502627619
-1.837591684875766,-1.185463561016973
-1.838525483890904,-1.1860200717711844
-1.839459282906042,-1.1865765825253956
-1.84039308192118,-1.187133093279607
-1.8413268809363181,-1.1876896040338183
-1.842260679951456,-1.1882461147880297
-1.8431944789665942,-1.1888026255422408
-1.844128277981732,-1.1893591362964522
-1.8450620769968704,-1.1899156470506633
-1.8459958760120083,-1.1904721578048747
-1.8469296750271464,-1.191028668559086
-1.8478634740422843,-1.1915851793132972
-1.8487972730574225,-1.1921416900675086
-1.8497310720725604,-1.1926982008217197
-1.8506648710876983,-1.193254711575931
-1.8515986701028364,-1.1938112223301423
-1.8525324691179745,-1.1943677330843536
-1.8534662681331124,-1.1949242438385648
-1.8544000671482503,-1.1954807545927761
-1.8553338661633885,-1.1960372653469873
-1.8562676651785266,-1.1965937761011987
-1.8572014641936645,-1.19715028685541
-1.8581352632088024,-1.1977067976096212
-1.8590690622239405,-1.1982633083638325
-1.8600028612390784,-1.1988198191180437
-1.8609366602542166,-1.199376329872255
-1.8618704592693545,-1.1999328406264664
-1.8628042582844926,-1.2004893513806778
-1.8637380572996305,-1.201045862134889
-1.8646718563147684,-1.2016023728891003
-1.8656056553299065,-1.2021588836433115
-1.8665394543450446,-1.2027153943975226
-1.8674732533601826,-1.203271905151734
-1.8684070523753205,-1.2038284159059451
-1.8693408513904586,-1.2043849266601565
-1.8702746504055967,-1.2049414374143679
-1.8712084494207346,-1.205497948168579
-1.8721422484358727,-1.2060544589227904
-1.8730760474510109,-1.2066109696770015
-1.8740098464661488,-1.207167480431213
-1.874943645481287,-1.2077239911854243
-1.8758774444964248,-1.2082805019396357
-1.876811243511563,-1.2088370126938468
-1.8777450425267008,-1.2093935234480582
-1.878678841541839,-1.2099500342022693
-1.8796126405569769,-1.2105065449564805
-1.880546439572115,-1.2110630557106918
-1.8814802385872529,-1.211619566464903
-1.8824140376023908,-1.2121760772191144
-1.883347836617529,-1.2127325879733257
-1.884281635632667,-1.2132890987275369
-1.885215434647805,-1.2138456094817482
