-1.99968439872558,-0.4999989027856654
-1.999678920210536,-0.49999886968740326
-1.9996625873950962,-0.4999987802349441
-1.9996354749099277,-0.49999864794998555
-1.9995976558774886,-0.4999984861193017
-1.999549201932444,-0.49999830779656723
-1.9994901832419107,-0.49999812580418695
-1.99942066852548,-0.4999979527351088
-1.9993407250750532,-0.49999780095463753
-1.9992504187744822,-0.4999976826022379
-1.9991498141189887,-0.49999760959333434
-1.999038974234425,-0.49999759362110013
-1.9989179608963172,-0.49999764615824654
-1.9987868345487154,-0.49999777845879817
-1.9986456543228797,-0.4999980015598712
-1.998494478055735,-0.49999832628343416
-1.9983333623081794,-0.49999876323807085
-1.9981623623831728,-0.4999993228207348
-1.9979815323436665,-0.5000000152184934
-1.9977909250303356,-0.5000008504102742
-1.997590592079124,-0.500001838168593
-1.9973805839386263,-0.5000029880612873
-1.9971609498872682,-0.5000043094532344
-1.9969317380503258,-0.5000058115080684
-1.9966929954167696,-0.50000750318989
-1.9964447678559074,-0.5000093932649656
-1.9961871001338853,-0.5000114903034272
-1.9959200359299893,-0.5000138026809584
-1.9956436178527999,-0.5000163385804793
-1.995357887456157,-0.5000191059938248
-1.9950628852549566,-0.5000221127234116
-1.9947586507407902,-0.5000253663839027
-1.994445222397413,-0.5000288744038659
-1.99412263771604,-0.5000326440274239
-1.9937909332105004,-0.5000366823158989
-1.9934501444321913,-0.5000409961494499
-1.993100305984906,-0.5000455922287041
-1.9927414515394837,-0.5000504770763828
-1.9923736138483044,-0.5000556570389184
-1.9919968247596294,-0.5000611382880673
-1.991611115231775,-0.5000669268225156
-1.991216515347146,-0.5000730284694762
-1.9908130543260982,-0.5000794488862842
-1.9904007605406608,-0.5000861935619795
-1.9899796615281118,-0.5000932678188897
-1.9895497840043779,-0.5001006768142007
-1.9891111538773152,-0.5001084255415232
-1.988663796259818,-0.5001165188324539
-1.9882077354828043,-0.5001249613581288
-1.9877429951080263,-0.500133757630769
-1.9872695979407662,-0.5001429120052224
-1.986787566042366,-0.5001524286804961
-1.9862969207426278,-0.5001623117012854
-1.9857976826520713,-0.5001725649594952
-1.9852898716740452,-0.5001831921957522
-1.9847735070167065,-0.5001941970009135
-1.9842486072048602,-0.5002055828175694
-1.9837151900916572,-0.5002173529415365
-1.9831732728701752,-0.5002295105233477
-1.9826228720848353,-0.5002420585697327
-1.9820640036427135,-0.5002549999450935
-1.981496682824706,-0.5002683373729738
-1.9809209242965602,-0.5002820734375205
-1.980336742119803,-0.5002962105849419
-1.9797441497624886,-0.5003107511249527
-1.9791431601098795,-0.5003256972322206
-1.9785337854749507,-0.5003410509478001
-1.9779160376087999,-0.5003568141805638
-1.97728992771092,-0.5003729887086257
-1.9766554664393519,-0.5003895761807563
-1.9760126639207072,-0.5004065781177947
-1.9753615297600862,-0.5004239959140505
-1.97470207305086,-0.5004418308387025
-1.9740343023843419,-0.5004600840371898
-1.9733582258593378,-0.500478756532594
-1.9726738510915778,-0.5004978492270181
-1.9719811852230336,-0.500517362902958
-1.9712802349311318,-0.5005372982246679
-1.970571006437825,-0.5005576557395159
-1.9698535055185824,-0.5005784358793387
-1.9691277375112461,-0.500599638961785
-1.9683937073247821,-0.5006212651916551
-1.9676514194479373,-0.5006433146622339
-1.9669008779577526,-0.5006657873566144
-1.9661420865280008,-0.50068868314902
-1.9653750484375068,-0.5007120018061146
-1.9645997665783488,-0.5007357429883115
-1.9638162434639832,-0.5007599062510725
-1.9630244812372315,-0.5007844910462003
-1.9622244816781858,-0.500809496723127
-1.961416246212009,-0.5008349225301936
-1.960599775916627,-0.5008607676159252
-1.9597750715303333,-0.5008870310302987
-1.9589421334592705,-0.5009137117260031
-1.958100961784841,-0.5009408085596948
-1.957251556271002,-0.500968320293246
-1.9563939163714672,-0.5009962455949868
-1.9555280412368232,-0.5010245830409417
-1.9546539297215284,-0.5010533311160561
-1.953771580390845,-0.5010824882154221
-1.9528809915276573,-0.501112052645493
-1.9519821611392023,-0.501142022625293
-1.9510750869637266,-0.5011723962876229
-1.9501597664770183,-0.5012031716802543
-1.9492361968988823,-0.501234346767123
-1.9483043751995095,-0.5012659194295113
-1.9473642981057584,-0.5012978874672265
-1.9464159621073673,-0.5013302485997747
-1.945459363463048,-0.5013630004675235
-1.9444944982065222,-0.5013961406328606
-1.9435213621524674,-0.5014296665813491
-1.9425399509023673,-0.5014635757228708
-1.9415502598502967,-0.5014978653927693
-1.9405522841886058,-0.5015325328529794
-1.9395460189135434,-0.5015675752931577
-1.93853145883078,-0.5016029898318031
-1.9375085985608655,-0.5016387735173693
-1.9364774325446095,-0.5016749233293761
-1.9354379550483638,-0.5017114361795088
-1.9343901601692535,-0.5017483089127153
-1.9333340418403133,-0.5017855383082948
-1.932269593835557,-0.5018231210809814
-1.9311968097749765,-0.5018610538820221
-1.9301156831294488,-0.5018993333002452
-1.9290262072255884,-0.5019379558631258
-1.9279283752505194,-0.5019769180378442
-1.9268221802565726,-0.5020162162323366
-1.9257076151659303,-0.5020558467963437
-1.924584672775165,-0.5020958060224467
-1.9234533457597467,-0.5021360901471016
-1.9223136266784577,-0.5021766953516673
-1.921165507977745,-0.5022176177634251
-1.9200089819960218,-0.5022588534565953
-1.9188440409678647,-0.502300398453343
-1.9176706770281862,-0.5023422487247821
-1.9164888822163184,-0.5023844001919713
-1.915298648480034,-0.5024268487269027
-1.9140999676795212,-0.5024695901534897
-1.9128928315912668,-0.5025126202485386
-1.9116772319119006,-0.5025559347427248
-1.9104531602619712,-0.5025995293215574
-1.9092206081896532,-0.5026433996263359
-1.9079795671744153,-0.5026875412551087
-1.9067300286305988,-0.5027319497636146
-1.9054719839109617,-0.5027766206662277
-1.904205424310156,-0.5028215494368902
-1.9029303410681453,-0.5028667315100421
-1.9016467253735723,-0.5029121622815471
-1.9003545683670617,-0.5029578371096035
-1.8990538611444738,-0.5030037513156592
-1.8977445947600995,-0.5030499001853165
-1.8964267602298073,-0.5030962789692284
-1.895100348534131,-0.5031428828839947
-1.8937653506213001,-0.5031897071130462
-1.8924217574102358,-0.503236746807527
-1.891069559793468,-0.5032839970871682
-1.8897087486400292,-0.5033314530411578
-1.888339314798284,-0.5033791097290039
-1.8869612490987018,-0.503426962181391
-1.8855745423565948,-0.5034750054010313
-1.884179185374802,-0.5035232343635099
-1.882775168946323,-0.503571644018124
-1.8813624838569065,-0.5036202292887181
-1.8799411208875865,-0.5036689850745077
-1.8785110708171888,-0.5037179062509057
-1.8770723244247662,-0.5037669876703335
-1.8756248724920115,-0.5038162241630341
-1.8741687058056196,-0.5038656105378763
-1.8727038151595918,-0.5039151415831518
-1.8712301913575198,-0.5039648120673673
-1.869747825214809,-0.5040146167400326
-1.8682567075608674,-0.5040645503324406
-1.8667568292412557,-0.5041146075584433
-1.8652481811197834,-0.5041647831152203
-1.8637307540805783,-0.5042150716840428
-1.862204539030113,-0.5042654679310311
-1.860669526899179,-0.5043159665079081
-1.8591257086448487,-0.5043665620527447
-1.857573075252367,-0.5044172491907004
-1.8560116177370256,-0.5044680225347586
-1.8544413271459985,-0.5045188766864569
-1.8528621945601325,-0.504569806236609
-1.8512742110957099,-0.5046208057660253
-1.849677367906164,-0.5046718698462224
-1.8480716561837716,-0.5047229930401329
-1.846457067161309,-0.5047741699028051
-1.844833592113657,-0.5048253949820968
-1.8432012223594025,-0.5048766628193707
-1.8415599492623722,-0.5049279679501726
-1.8399097642331605,-0.5049793049049138
-1.838250658730619,-0.5050306682095462
-1.836582624263291,-0.5050820523862244
-1.8349056523908571,-0.5051334519539737
-1.833219734725508,-0.5051848614293445
-1.8315248629333125,-0.5052362753270624
-1.8298210287355525,-0.5052876881606784
-1.8281082239100062,-0.5053390944432029
-1.8263864402922438,-0.5053904886877469
-1.8246556697768486,-0.5054418654081472
-1.8229159043186405,-0.5054932191195923
-1.821167135933869,-0.5055445443392426
-1.8194093567013545,-0.5055958355868386
-1.817642558763643,-0.5056470873853157
-1.8158667343280896,-0.5056982942614009
-1.8140818756679498,-0.5057494507462125
-1.8122879751234373,-0.5058005513758531
-1.8104850251027385,-0.5058515906919943
-1.8086730180830282,-0.5059025632424575
-1.8068519466114412,-0.5059534635817923
-1.805021803306029,-0.5060042862718444
-1.8031825808566977,-0.5060550258823235
-1.8013342720261019,-0.5061056769913617
-1.7994768696505443,-0.506156234186069
-1.7976103666408285,-0.5062066920630832
-1.7957347559831014,-0.5062570452291139
-1.79385003073968,-0.5063072883014834
-1.791956184049835,-0.5063574159086577
-1.790053209130578,-0.506407422690779
-1.7881410992774134,-0.5064573033001875
-1.7862198478650713,-0.5065070524019399
-1.7842894483482348,-0.5065566646743253
-1.78234989426222,-0.5066061348093706
-1.7804011792236645,-0.5066554575133462
-1.7784432969311843,-0.5067046275072635
-1.7764762411660076,-0.5067536395273677
-1.77450000579261,-0.5068024883256287
-1.7725145847593018,-0.5068511686702201
-1.7705199720988292,-0.506899675346001
-1.7685161619289351,-0.5069480031549877
-1.7665031484529161,-0.5069961469168219
-1.764480925960164,-0.507044101469236
-1.7624494888266755,-0.5070918616685084
-1.7604088315155644,-0.5071394223899189
-1.7583589485775524,-0.5071867785281977
-1.7562998346514387,-0.5072339249979669
-1.7542314844645681,-0.5072808567341828
-1.7521538928332643,-0.5073275686925658
-1.7500670546632715,-0.5073740558500324
-1.7479709649501676,-0.5074203132051182
-1.7458656187797648,-0.5074663357783973
-1.7437510113285148,-0.5075121186128995
-1.7416271378638637,-0.5075576567745153
-1.7394939937446345,-0.5076029453524051
-1.7373515744213763,-0.5076479794593984
-1.7351998754366975,-0.5076927542323881
-1.7330388924256084,-0.507737264832725
-1.730868621115824,-0.5077815064465991
-1.7286890573280789,-0.5078254742854253
-1.7265001969764207,-0.507869163586218
-1.7243020360684906,-0.507912569611964
-1.722094570705809,-0.5079556876519917
-1.7198777970840236,-0.5079985130223303
-1.717651711493173,-0.5080410410660725
-1.715416310317932,-0.5080832671537254
-1.7131715900378384,-0.50812518668356
-1.7109175472275313,-0.508166795081959
-1.7086541785569562,-0.5082080878037523
-1.7063814807915794,-0.5082490603325559
-1.704099450792587,-0.508289708181103
-1.7018080855170743,-0.5083300268915678
-1.699507382018238,-0.5083700120358929
-1.6971973374455391,-0.5084096592161016
-1.6948779490448833,-0.508448964064615
-1.6925492141587763,-0.5084879222445597
-1.6902111302264775,-0.5085265294500714
-1.6878636947841597,-0.5085647814065984
-1.685506905465028,-0.5086026738711931
-1.683140759999477,-0.5086402026328067
-1.6807652562152071,-0.5086773635125755
-1.6783803920373457,-0.5087141523641019
-1.6759861654885775,-0.5087505650737383
-1.6735825746892408,-0.5087865975608541
-1.6711696178574436,-0.5088222457781123
-1.668747293309159,-0.5088575057117315
-1.666315599458323,-0.5088923733817478
-1.6638745348169337,-0.5089268448422751
-1.661424097995123,-0.5089609161817553
-1.6589642877012523,-0.5089945835232085
-1.6564951027419883,-0.5090278430244782
-1.6540165420223703,-0.509060690878471
-1.6515286045458932,-0.509093123313396
-1.6490312894145622,-0.5091251365929934
-1.6465245958289647,-0.5091567270167661
-1.6440085230883326,-0.5091878909202048
-1.6414830705905838,-0.5092186246750036
-1.6389482378324027,-0.5092489246892836
-1.6364040244092697,-0.5092787874077989
-1.6338504300155166,-0.5093082093121485
-1.6312874544443838,-0.5093371869209803
-1.6287150975880411,-0.5093657167901897
-1.626133359437662,-0.5093937955131206
-1.6235422400834323,-0.5094214197207524
-1.6209417397146106,-0.5094485860818931
-1.6183318586195587,-0.5094752913033632
-1.615712597185766,-0.5095015321301739
-1.6130839558999046,-0.5095273053457098
-1.6104459353478429,-0.5095526077718971
-1.6077985362146856,-0.5095774362693758
-1.6051417592848085,-0.5096017877376662
-1.6024756054418705,-0.5096256591153268
-1.5998000756688695,-0.5096490473801187
-1.5971151710481455,-0.5096719495491553
-1.5944208927614223,-0.5096943626790548
-1.5917172420898358,-0.5097162838660882
-1.5890042204139465,-0.5097377102463203
-1.58628182921379,-0.5097586389957532
-1.5835500700688825,-0.5097790673304589
-1.5808089446582616,-0.5097989925067136
-1.578058454760511,-0.5098184118211272
-1.57529860225378,-0.5098373226107661
-1.5725293891158267,-0.5098557222532789
-1.5697508174240344,-0.509873608167011
-1.5669628893554466,-0.5098909778111211
-1.5641656071868013,-0.5099078286856931
-1.561358973294546,-0.5099241583318409
-1.5585429901548933,-0.5099399643318163
-1.5557176603438347,-0.5099552443091075
-1.5528829865371843,-0.5099699959285363
-1.5500389715106155,-0.5099842168963548
-1.547185618139686,-0.5099979049603305
-1.5443229293998926,-0.51001105790984
-1.541450908366701,-0.5100236735759479
-1.5385695582155838,-0.510035749831489
-1.5356788822220773,-0.5100472845911468
-1.532778883761807,-0.510058275811523
-1.5298695663105517,-0.5100687214912141
-1.5269509334442821,-0.5100786196708728
-1.5240229888392107,-0.5100879684332758
-1.5210857362718526,-0.5100967659033837
-1.518139179619063,-0.5101050102483964
-1.515183322858113,-0.5101126996778113
-1.5122181700667372,-0.5101198324434709
-1.5092437254231923,-0.5101264068396129
-1.5062599932063319,-0.5101324212029152
-1.503266977795653,-0.5101378739125345
-1.5002646836713855,-0.5101427633901497
-1.497253115414549,-0.5101470880999941
-1.4942322777070252,-0.5101508465488884
-1.4912021753316445,-0.5101540372862723
-1.488162813172248,-0.5101566589042262
-1.4851141962137837,-0.5101587100375006
-1.4820563295423799,-0.5101601893635317
-1.4789892183454332,-0.5101610956024604
-1.4759128679117046,-0.5101614275171485
-1.4728272836313985,-0.5101611839131873
-1.4697324709962696,-0.5101603636389079
-1.4666284355997126,-0.5101589655853869
-1.4635151831368653,-0.5101569886864477
-1.460392719404718,-0.5101544319186645
-1.4572610503022028,-0.5101512943013529
-1.4541201818303267,-0.5101475748965704
-1.4509701200922653,-0.510143272809105
-1.4478108712934836,-0.5101383871864628
-1.4446424417418644,-0.5101329172188579
-1.4414648378478119,-0.51012686213919
-1.4382780661243943,-0.5101202212230307
-1.4350821331874617,-0.5101129937885965
-1.4318770457557788,-0.5101051791967259
-1.4286628106511667,-0.5100967768508531
-1.4254394347986243,-0.5100877861969738
-1.4222069252264906,-0.5100782067236159
-1.4189652890665718,-0.5100680379618029
-1.4157145335542944,-0.5100572794850132
-1.4124546660288622,-0.5100459309091453
-1.4091856939333958,-0.5100339918924663
-1.4059076248151046,-0.5100214621355735
-1.40262046632544,-0.5100083413813417
-1.3993242262202545,-0.5099946294148721
-1.3960189123599835,-0.5099803260634425
-1.3927045327097964,-0.5099654311964471
-1.3893810953397852,-0.5099499447253402
-1.386048608425135,-0.5099338666035769
-1.3827070802463,-0.5099171968265443
-1.3793565191891997,-0.5098999354315046
-1.375996933745388,-0.5098820824975179
-1.372628332512256,-0.509863638145378
-1.3692507241932201,-0.5098446025375377
-1.3658641175979156,-0.5098249758780319
-1.3624685216424053,-0.5098047584124048
-1.3590639453493658,-0.5097839504276246
-1.35565039784831,-0.5097625522520056
-1.3522278883757848,-0.5097405642551229
-1.3487964262755845,-0.5097179868477237
-1.345356020998973,-0.5096948204816437
-1.3419066821048913,-0.50967106564971
-1.3384484192601853,-0.5096467228856518
-1.334981242239828,-0.5096217927640057
-1.3315051609271447,-0.5095962759000143
-1.3280201853140496,-0.5095701729495326
-1.3245263255012703,-0.5095434846089197
-1.3210235916985873,-0.50951621161494
-1.317511994225076,-0.5094883547446553
-1.3139915435093406,-0.5094599148153162
-1.3104622500897718,-0.5094308926842551
-1.3069241246147791,-0.5094012892487707
-1.3033771778430503,-0.5093711054460154
-1.2998214206438023,-0.5093403422528807
-1.2962568639970344,-0.5093090006858751
-1.292683518993793,-0.5092770818010117
-1.2891013968364238,-0.5092445866936766
-1.2855105088388423,-0.5092115164985127
-1.2819108664267962,-0.5091778723892919
-1.278302481138133,-0.5091436555787843
-1.2746853646230794,-0.5091088673186348
-1.2710595286445021,-0.5090735088992263
-1.2674249850781922,-0.5090375816495485
-1.2637817459131457,-0.5090010869370649
-1.2601298232518303,-0.5089640261675712
-1.2564692293104887,-0.5089264007850635
-1.2527999764194064,-0.5088882122715909
-1.2491220770232043,-0.5088494621471187
-1.2454355436811362,-0.5088101519693827
-1.2417403890673622,-0.5087702833337415
-1.2380366259712645,-0.5087298578730344
-1.234324267297724,-0.5086888772574273
-1.2306033260674247,-0.5086473431942647
-1.2268738154171612,-0.5086052574279185
-1.2231357486001198,-0.5085626217396304
-1.2193891389862042,-0.5085194379473618
-1.2156340000623234,-0.5084757079056308
-1.211870345432704,-0.5084314335053578
-1.2080981888192017,-0.5083866166737053
-1.2043175440615992,-0.5083412593739118
-1.2005284251179325,-0.5082953636051353
-1.19673084606479,-0.5082489314022818
-1.1929248210976322,-0.5082019648358431
-1.18911036453111,-0.5081544660117292
-1.1852874907993685,-0.5081064370710946
-1.1814562144563812,-0.5080578801901748
-1.177616550176255,-0.5080087975801074
-1.1737685127535555,-0.5079591914867619
-1.1699121171036329,-0.5079090641905664
-1.1660473782629273,-0.5078584180063254
-1.1621743113893124,-0.5078072552830489
-1.158292931762403,-0.5077555784037697
-1.1544032547838865,-0.5077033897853628
-1.1505052959778477,-0.5076506918783665
-1.1465990709910863,-0.507597487166795
-1.1426845955934575,-0.5075437781679588
-1.1387618856781851,-0.5074895674322767
-1.1348309572621968,-0.507434857543088
-1.1308918264864505,-0.5073796511164688
-1.126944509616254,-0.507323950801036
-1.1229890230416093,-0.5072677592777639
-1.1190253832775237,-0.5072110792597874
-1.1150536069643486,-0.5071539134922122
-1.1110737108681084,-0.5070962647519194
-1.1070857118808202,-0.5070381358473701
-1.103089627020832,-0.5069795296184106
-1.0990854734331457,-0.5069204489360737
-1.095073268389745,-0.5068608967023804
-1.0910530292899292,-0.5068008758501423
-1.0870247736606284,-0.5067403893427568
-1.0829885191567448,-0.5066794401740096
-1.078944283561469,-0.5066180313678702
-1.0748920847866095,-0.5065561659782879
-1.0708319408729219,-0.5064938470889886
-1.0667638699904216,-0.5064310778132655
-1.0626878904387245,-0.5063678612937775
-1.0586040206473557,-0.5063042007023374
-1.0545122791760786,-0.5062400992397049
-1.0504126847152178,-0.5061755601353781
-1.04630525608597,-0.5061105866473795
-1.0421900122407353,-0.5060451820620487
-1.0380669722634257,-0.505979349693828
-1.0339361553697852,-0.5059130928850488
-1.0297975809077082,-0.5058464150057204
-1.0256512683575443,-0.5057793194533099
-1.0214972373324214,-0.505711809652533
-1.017335507578551,-0.5056438890551327
-1.0131660989755347,-0.5055755611396626
-1.0089890315366827,-0.5055068294112727
-1.0048043254093026,-0.5054376974014837
-1.0006120008750226,-0.5053681686679743
-0.9964120783500793,-0.5052982467943565
-0.9922045783856229,-0.5052279353899548
-0.98798952166802,-0.5051572380895876
-0.983766929019138,-0.5050861585533394
-0.9795368213966541,-0.5050147004663426
-0.9752992198943348,-0.5049428675385508
-0.9710541457423297,-0.5048706635045137
-0.9668016203074637,-0.5047980921231554
-0.9625416650935094,-0.5047251571775427
-0.9582743017414826,-0.5046518624746649
-0.9539995520299147,-0.5045782118452024
-0.9497174378751273,-0.5045042091432993
-0.9454279813315173,-0.5044298582463388
-0.9411312045918122,-0.5043551630547082
-0.9368271299873552,-0.5042801274915748
-0.9325157799883594,-0.5042047555026539
-0.9281971772041744,-0.5041290510559762
-0.9238713443835505,-0.504053018141662
-0.9195383044148837,-0.5039766607716829
-0.9151980803264835,-0.5038999829796356
-0.9108506952868115,-0.5038229888205052
-0.9064961726047334,-0.5037456823704345
-0.9021345357297645,-0.5036680677264905
-0.8977658082523051,-0.5035901490064283
-0.8933900139038794,-0.5035119303484591
-0.8890071765573688,-0.5034334159110143
-0.8846173202272395,-0.503354609872509
-0.8802204690697735,-0.5032755164311103
-0.8758166473832826,-0.5031961398044963
-0.8714058796083334,-0.5031164842296227
-0.8669881903279586,-0.5030365539624864
-0.8625636042678675,-0.5029563532778856
-0.8581321462966537,-0.5028758864691851
-0.8536938414259967,-0.5027951578480774
-0.8492487148108597,-0.5027141717443441
-0.8447967917496849,-0.5026329325056184
-0.8403380976845828,-0.502551444497145
-0.8358726582015185,-0.5024697121015428
-0.8314004990304917,-0.5023877397185641
-0.8269216460457152,-0.502305531764856
-0.8224361252657866,-0.5022230926737198
-0.8179439628538561,-0.5021404268948715
-0.8134451851177923,-0.502057538894201
-0.8089398185103378,-0.5019744331535322
-0.804427889629265,-0.5018911141703811
-0.7999094252175263,-0.5018075864577161
-0.7953844521633971,-0.5017238545437159
-0.7908529975006201,-0.501639922971529
-0.7863150884085343,-0.501555796299031
-0.7817707522122092,-0.501471479098584
-0.7772200163825708,-0.5013869759567947
-0.7726629085365188,-0.5013022914742713
-0.768099456437046,-0.5012174302653829
-0.7635296879933446,-0.501132396958016
-0.758953631260913,-0.5010471961933325
-0.754371314441657,-0.500961832625528
-0.7497827658839824,-0.5008763109215881
-0.7451880140828868,-0.5007906357610465
-0.7405870876800414,-0.5007048118357421
-0.7359800154638731,-0.5006188438495757
-0.7313668263696331,-0.5005327365182678
-0.7267475494794711,-0.5004464945691154
-0.7221222140224939,-0.5003601227407494
-0.7174908493748232,-0.5002736257828904
-0.7128534850596491,-0.5001870084561076
-0.7082101507472743,-0.5001002755315743
-0.7035608762551556,-0.5000134317908248
-0.6989056915479397,-0.49992648202551276
-0.6942446267374918,-0.49983943103716616
-0.6895777120829184,-0.4997522836369463
-0.6849049779905869,-0.4996650446454029
-0.6802264550141371,-0.49957771889223285
-0.6755421738544896,-0.4994903112160363
-0.6708521653598427,-0.49940282646407325
-0.6661564605256712,-0.49931526949202226
-0.6614550904947134,-0.49922764516373613
-0.6567480865569573,-0.4991399583510005
-0.6520354801496133,-0.4990522139332899
-0.6473173028570905,-0.4989644167975262
-0.6425935864109596,-0.49887657183783646
-0.6378643626899149,-0.4987886839553084
-0.6331296637197262,-0.498700758057751
-0.6283895216731883,-0.4986127990594503
-0.6236439688700623,-0.4985248118809284
-0.6188930377770113,-0.49843680144870034
-0.614136761007531,-0.49834877269503464
-0.6093751713218756,-0.49826073055770914
-0.6046083016269723,-0.4981726799797701
-0.5998361849763362,-0.49808462590929226
-0.5950588545699755,-0.4979965732991362
-0.590276343754291,-0.49790852710670747
-0.5854886860219738,-0.49782049229371567
-0.5806959150118877,-0.4977324738259349
-0.5758980645089558,-0.49764447667296097
-0.5710951684440351,-0.4975565058079734
-0.5662872608937857,-0.4974685662074935
-0.5614743760805395,-0.4973806628511455
-0.5566565483721506,-0.49729280072141585
-0.5518338122818554,-0.49720498480341435
-0.5470062024681128,-0.4971172200846341
-0.5421737537344481,-0.49702951155471303
-0.5373365010292876,-0.49694186420519454
-0.5324944794457841,-0.4968542830292887
-0.5276477242216415,-0.4967667730216335
-0.5227962707389311,-0.4966793391780576
-0.5179401545239019,-0.4965919864953407
-0.5130794112467871,-0.4965047199709774
-0.508214076721601,-0.49641754460293774
-0.5033441869059332,-0.4963304653894317
-0.49846977790073654,-0.49624348732867063
-0.4935908859501077,-0.4961566154186315
-0.48870754744106537,-0.4960698546568192
-0.48381979890331833,-0.4959832100400313
-0.4789276770090304,-0.4958966865641214
-0.4740312185725812,-0.49581028922376313
-0.4691304605503167,-0.49572402301221496
-0.4642254400403013,-0.4956378929210847
-0.4593161942820559,-0.4955519039400945
-0.4544027606562967,-0.4954660610568465
-0.4494851766846677,-0.4953803692565872
-0.4445634800294638,-0.49529483352197456
-0.43963770849335576,-0.49520945883284384
-0.43470790001910214,-0.4951242501659734
-0.429774092689261,-0.4950392124948513
-0.42483632472589367,-0.4949543507894431
-0.4198946344902668,-0.49486967001595855
-0.41494906048254643,-0.4947851751366184
-0.4099996413414861,-0.49470087110942385
-0.40504641584411355,-0.49461676288792294
-0.4000894229054103,-0.49453285542097997
-0.3951287015779849,-0.4944491536525437
-0.3901642910517479,-0.4943656625214165
-0.3851962306535725,-0.4942823869610236
-0.3802245598469574,-0.4941993318991828
-0.3752493182316832,-0.4941165022578733
-0.37027054554346633,-0.49403390295300786
-0.36528828165360255,-0.49395153889420107
-0.36030256656861326,-0.4938694149845413
-0.3553134404298837,-0.4937875361203615
-0.35032094351329646,-0.4937059071910104
-0.34532511622886536,-0.49362453307862425
-0.3403259991203578,-0.4935434186578986
-0.33532363286492084,-0.49346256879586037
-0.33031805827269844,-0.4933819883516407
-0.32530931628644705,-0.49330168217624765
-0.3202974479811488,-0.4932216551123387
-0.31528249456361634,-0.4931419119939952
-0.3102644973720999,-0.49306245764649487
-0.305243497875887,-0.49298329688608633
-0.30021953767490156,-0.49290443451976335
-0.2951926584992994,-0.49282587534503924
-0.2901629022090574,-0.49274762414972145
-0.2851303107935647,-0.4926696857116867
-0.2800949263712079,-0.4925920647986565
-0.27505679118895454,-0.49251476616797285
-0.2700159476219351,-0.4924377945663733
-0.2649724381730195,-0.49236115472976844
-0.2599263054723939,-0.49228485138301686
-0.25487759227713497,-0.49220888923970313
-0.24982634147078076,-0.49213327300191356
-0.24477259606290297,-0.4920580073600145
-0.23971639918867096,-0.4919830969924288
-0.2346577941084213,-0.49190854656541405
-0.2295968242072207,-0.4918343607328404
-0.22453353299443013,-0.4917605441359689
-0.2194679641032681,-0.4916871014032295
-0.2144001612903686,-0.4916140371499998
-0.20933016843534327,-0.49154135597838455
-0.20425802954033984,-0.491469062476994
-0.19918378872960024,-0.4913971612207233
-0.1941074902490205,-0.4913256567705327
-0.18902917846570474,-0.49125455367322624
-0.18394889786752533,-0.4911838564612331
-0.17886669306267855,-0.491113569652386
-0.1737826087792424,-0.49104369774970325
-0.1686966898647356,-0.4909742452411682
-0.16360898128567294,-0.49090521659951064
-0.15851952812712555,-0.49083661628198694
-0.1534283755922805,-0.49076844873016184
-0.14833556900199946,-0.4907007183696893
-0.1432411537943842,-0.4906334296100943
-0.1381451755243342,-0.4905665868445538
-0.13304767986311455,-0.490500194449679
-0.12794871259792115,-0.4904342567852969
-0.12284831963144745,-0.49036877819423214
-0.1177465469814577,-0.4903037630020897
-0.11264344078035528,-0.4902392155170366
-0.10753904727475949,-0.49017514002958396
-0.10243341282508293,-0.4901115408123704
-0.09732658390511097,-0.49004842211994404
-0.09221860710158725,-0.48998578818854466
-0.08710952911379707,-0.4899236432358871
-0.08199939675316006,-0.48986199146094395
-0.07688825694282309,-0.4898008370437281
-0.07177615671725754,-0.48974018414507603
-0.06666314322186372,-0.4896800369064304
-0.06154926371257396,-0.48962039944962304
-0.05643456555546541,-0.48956127587665826
-0.05131909622637557,-0.48950267026949584
-0.04620290331052232,-0.4894445866898338
-0.041086034502132746,-0.48938702917889193
-0.03596853760407067,-0.4893300017571939
-0.030850460527477384,-0.48927350842435197
-0.025731851291413317,-0.489217553158848
-0.020612758022510322,-0.4891621399178177
-0.01549322895462435,-0.48910727263683346
-0.010373312428501098,-0.4890529552296868
-0.005253056891445604,-0.4889991915881709
-0.00013251089699851948,-0.48894598558186475
0.004988276895376155,-0.48889334105791354
0.010109257720601686,-0.4888412618408136
0.015230382708285712,-0.4887897517321923
0.020351602883011726,-0.48873881451059287
0.02547286916462123,-0.4886884539312545
0.030594132368484996,-0.4886386737258952
0.03571534320577089,-0.48858947760249427
0.040836452283695486,-0.48854086924507234
0.04595741010576946,-0.48849285231347406
0.051078167072033644,-0.48844543044314925
0.05619867347928042,-0.4883986072449342
0.06131887952127061,-0.4883523863048312
0.06643873528893475,-0.48830677118379073
0.07155819077056486,-0.488261765417491
0.07667719585199455,-0.48821737251611846
0.08179570031676556,-0.4881735959641468
0.08691365384628624,-0.4881304392201177
0.09203100601997362,-0.48808790571641925
0.09714770631538355,-0.48804599885906524
0.10226370410832933,-0.48800472202747297
0.10737894867298334,-0.4879640785742429
0.11249338918197038,-0.487924071824935
0.11760697470644135,-0.48788470507784754
0.1227196542161358,-0.4878459816037934
0.12783137657942867,-0.4878079046458767
0.13294209056335987,-0.48777047741926993
0.13805174483365376,-0.48773370311098896
0.14316028795471686,-0.48769758487966886
0.1482676683896227,-0.4876621258553386
0.15337383450007933,-0.48762732913919543
0.1584787345463783,-0.48759319780337973
0.16358231668733028,-0.48755973489074667
0.16868452898017905,-0.48752694341464065
0.17378531938049918,-0.487494826358667
0.17888463574207597,-0.4874633866764644
0.183982425816763,-0.4874326272914748
0.18907863725432678,-0.48740255109671465
0.19417321760226658,-0.48737316095454564
0.1992661143056159,-0.48734445969644324
0.2043572747067244,-0.48731645012276503
0.20944664604501612,-0.48728913500251925
0.21453417545673287,-0.4872625170731324
0.21961980997464867,-0.487236599040215
0.22470349652776697,-0.487211383577328
0.22978518194099468,-0.48718687332574817
0.23486481293479036,-0.4871630708942317
0.2399423361247947,-0.487139978858778
0.24501769802143322,-0.48711759976239316
0.25009084502949563,-0.4870959361148509
0.2551617234476923,-0.48707499039245417
0.2602302794681824,-0.48705476503779555
0.26529645917608147,-0.4870352624595159
0.2703602085489403,-0.48701648503206385
0.2754214734561969,-0.486998435095452
0.2804801996586021,-0.4869811149550145
0.2855363328076216,-0.48696452688116254
0.2905898184448051,-0.4869486731091386
0.29564060200113057,-0.4869335558387695
0.30068862879631997,-0.4869191772342205
0.30573384403812237,-0.48690553942374565
0.31077619282157465,-0.4868926444994383
0.31581562012822495,-0.48688049451698046
0.32085207082533,-0.48686909149539176
0.3258854896650204,-0.48685843741677537
0.33091582128343244,-0.4868485342260646
0.33594301019981326,-0.48683938383076736
0.34096700081558773,-0.48683098810070957
0.3459877374133967,-0.4868233488677781
0.3510051641560993,-0.4868164679256607
0.3560192250857409,-0.4868103470295865
0.36102986412249105,-0.4868049878960641
0.36603702506354074,-0.4868003922026183
0.3710406515819686,-0.48679656158752704
0.37604068722556827,-0.48679349764955404
0.381037075415639,-0.48679120194768305
0.38602975944574425,-0.48678967600084894
0.3910186824804258,-0.48678892128766754
0.39600378755388377,-0.48678893924616395
0.4009850175686181,-0.4867897312735008
0.4059623152940263,-0.486791298725702
0.41093562336497047,-0.4867936429173789
0.415904884280293,-0.48679676512144976
0.4208700404013007,-0.48680066656886384
0.42583103395020105,-0.48680534844831724
0.43078780700849895,-0.48681081190597336
0.4357403015153527,-0.4868170580451766
0.4406884592658825,-0.48682408792616655
0.4456322219094392,-0.4868319025657918
0.45057153094782687,-0.4868405029372187
0.4555063277334772,-0.4868498899696412
0.4604365534675873,-0.48686006454798747
0.4653621491982006,-0.48687102751262396
0.4702830558182491,-0.48688277965906046
0.4751992140635438,-0.48689532173764954
0.48011056451071743,-0.4869086544532866
0.4850170475751222,-0.48692277846510756
0.48991860350867356,-0.48693769438618284
0.49481517239764716,-0.4869534027832121
0.4997066941604243,-0.48696990417621455
0.5045931085451847,-0.4869871990382181
0.5094743551275512,-0.4870052877949464
0.5143503733081793,-0.4870241708245042
0.5192211023102936,-0.4870438484570592
0.5240864811771712,-0.4870643209745223
0.5289464487695696,-0.48708558861022694
0.5338009437631033,-0.4871076515486041
0.5386499046455586,-0.4871305099248554
0.5434932697141577,-0.4871541638246255
0.5483309770727619,-0.4871786132836704
0.5531629646290174,-0.487203858287523
0.5579891700914463,-0.4872298987711591
0.5628095309664738,-0.4872567346186568
0.5676239845553975,-0.487284365662857
0.5724324679512973,-0.4873127916850188
0.5772349180358803,-0.48734201241447417
0.5820312714762694,-0.487372027528279
0.5868214647217246,-0.4874028366508618
0.5916054340003017,-0.4874344393536693
0.5963831153154491,-0.48746683515481
0.6011544444425359,-0.48750002351869526
0.6059193569253184,-0.48753400385567547
0.610677788072339,-0.4875687755216766
0.6154296729532563,-0.4876043378178317
0.6201749463951071,-0.48764068999010957
0.6249135429785049,-0.4876778312289417
0.6296453970337625,-0.4877157606688455
0.6343704426369488,-0.4877544773880441
0.6390886136058733,-0.48779398040808425
0.6437998434959964,-0.48783426869345015
0.6485040655962739,-0.48787534115117476
0.6532012129249214,-0.4879171966304475
0.6578912182251082,-0.48795983392221975
0.6625740139605765,-0.48800325175880555
0.6672495323111807,-0.4880474488134801
0.6719177051683588,-0.48809242370007583
0.6765784641305181,-0.4881381749725724
0.6812317404983472,-0.4881847011246865
0.6858774652700482,-0.48823200058945604
0.6905155691364883,-0.4882800717388217
0.6951459824762733,-0.4883289128832054
0.699768635350738,-0.48837852227108386
0.7043834574988542,-0.4884288980885608
0.7089903783320561,-0.48848003845893295
0.7135893269289819,-0.48853194144225476
0.7181802320301311,-0.4885846050348975
0.7227630220324364,-0.4886380271691062
0.7273376249837464,-0.48869220571255195
0.7319039685772255,-0.4887471384678801
0.7364619801456611,-0.4888028231722561
0.7410115866556857,-0.4888592574969053
0.7455527147019061,-0.4889164390466509
0.7500852905009435,-0.4889743653594467
0.7546092398853801,-0.4890330339059054
0.7591244882976138,-0.4890924420888245
0.7636309607836222,-0.4891525872427071
0.7681285819866279,-0.48921346663327836
0.772617276140668,-0.48927507745699705
0.7770969670640739,-0.48933741684056586
0.7815675781528455,-0.48940048184043417
0.7860290323739321,-0.48946426944229743
0.7904812522584148,-0.4895287765605937
0.7949241598945851,-0.489594000037993
0.7993576769209254,-0.4896599366448852
0.8037817245189852,-0.4897265830788612
0.8081962234061602,-0.48979393596419085
0.8126010938283574,-0.4898619918512948
0.8169962555525663,-0.4899307472162142
0.8213816278593166,-0.49000019846007303
0.8257571295350292,-0.4900703419085369
0.8301226788642679,-0.49014117381126815
0.8344781936218708,-0.49021269034137327
0.8388235910649804,-0.4902848875948498
0.8431587879249579,-0.4903577615900224
0.8474837003991877,-0.49043130826698034
0.8517982441427707,-0.49050552348700494
0.856102334260101,-0.4905804030319951
0.8603958852963278,-0.4906559426038859
0.8646788112287037,-0.4907321378240625
0.8689510254578139,-0.4908089842327704
0.8732124407986888,-0.49088647728851736
0.8774629694717965,-0.4909646123674729
0.8817025230939163,-0.49104338476286025
0.885931012668889,-0.49112278968434553
0.8901483485782478,-0.49120282225741796
0.8943544405717246,-0.491283477522768
0.8985491977576315,-0.49136475043565786
0.9027325285931171,-0.49144663586528664
0.9069043408742945,-0.4915291285941503
0.9110645417262482,-0.4916122233173966
0.9152130375929035,-0.49169591464217216
0.9193497342267719,-0.4917801970869654
0.9234745366785637,-0.491865065080944
0.9275873492866678,-0.4919505129632844
0.9316880756665,-0.49203653498249716
0.9357766186997172,-0.4921231252957463
0.9398528805232924,-0.49221027796816075
0.9439167625184588,-0.4922979869721419
0.9479681652995097,-0.492386246186663
0.9520069887024665,-0.4924750493965646
0.9560331317736015,-0.49256439029184124
0.9600464927578204,-0.49265426246692334
0.9640469690869049,-0.49274465941995227
0.9680344573676072,-0.492835574552049
0.972008853369605,-0.49292700116657606
0.9759700520133079,-0.4930189324683936
0.9799179473575147,-0.4931113615631073
0.9838524325869276,-0.4932042814563119
0.9877733999995093,-0.4932976850528251
0.991680740993698,-0.493391565155918
0.9955743460554649,-0.49348591446653606
0.999454104745219,-0.493580725582514
1.0033199056845588,-0.49367599099778364
1.0071716365428667,-0.4937717031015756
1.0110091840237496,-0.4938678541776125
1.0148324338513184,-0.49396443640329596
1.0186412707563084,-0.4940614418488862
1.0224355784620403,-0.49415886247667407
1.0262152396702178,-0.4942566901401464
1.0299801360465637,-0.49435491658314307
1.033730148206291,-0.494453533439008
1.037465155699406,-0.4945525322297308
1.0411850369958473,-0.4946519043650826
1.0448896694704541,-0.49475164114174325
1.048578929387768,-0.4948517337424212
1.05225269188666,-0.4949521732349652
1.0559108309647873,-0.4950529505714697
1.0595532194628765,-0.4951540565873697
1.0631797290488305,-0.4952554820005306
1.0667902302016607,-0.4953572174103278
1.070384592195241,-0.4954592532967193
1.0739626830818823,-0.4955615800193104
1.077524369675727,-0.49566418781640953
1.0810695175359621,-0.49576706680407695
1.0845979909498478,-0.4958702069751625
1.088109652915564,-0.49597359819833897
1.0916043651248704,-0.4960772302171236
1.0950819879455764,-0.49618109264889315
1.0985423804038255,-0.4962851749838891
1.1019854001661902,-0.49638946658421507
1.1054109035215713,-0.4964939566828249
1.108818745362911,-0.4965986343825034
1.1122087791687048,-0.4967034886548358
1.11558085698432,-0.4968085083391707
1.1189348294031225,-0.49691368214157317
1.1222705455473947,-0.4970189986337673
1.125587853049064,-0.49712444625207397
1.1288865980302207,-0.4972300132963329
1.1321666250834408,-0.49733568792882255
1.1354277772518973,-0.49744145817316554
1.1386698960092727,-0.4975473119132269
1.1418928212394581,-0.4976532368920025
1.145096391216046,-0.4977592207104983
1.1482804425816142,-0.4978652508265995
1.1514448103267942,-0.49797131455392984
1.154589327769132,-0.49807739906070303
1.1577138265317257,-0.4981834913685611
1.1608181365216554,-0.49828957835140664
1.1639020859081899,-0.498395646734222
1.166965501100775,-0.4985016830918804
1.170008206726802,-0.4986076738479465
1.1730300256091533,-0.49871360527346625
1.1760307787435211,-0.49881946348574724
1.1790102852755069,-0.4989252344471289
1.181968362477486,-0.49903090396374117
1.1849048257252497,-0.4991364576842546
1.1878194884744133,-0.499241881098618
1.1907121622365935,-0.49934715953678704
1.1935826565553525,-0.49945227816744153
1.196430778981906,-0.4995572219966919
1.1992563350505956,-0.4996619758667751
1.2020591282541226,-0.49976652445473985
1.2048389600185403,-0.4998708522711204
1.207595629678007,-0.49997494365859996
1.2103289344492942,-0.5000787827906623
1.213038669406051,-0.5001823536702328
1.2157246274528202,-0.5002856401283076
1.2183865992988065,-0.5003886258225726
1.2210243734314001,-0.5004912942360097
1.2236377360894386,-0.5005936286754924
1.226226471236225,-0.5006956122703696
1.2287903605322867,-0.5007972279710381
1.2313291833078766,-0.5008984585475024
1.2338427165352197,-0.5009992865879241
1.2363307348004964,-0.5010996944971585
1.238793010275567,-0.5011996644952798
1.24122931268943,-0.5012991786160936
1.2436394092994143,-0.5013982187056378
1.2460230648621111,-0.5014967664206716
1.248380041604029,-0.5015948032271516
1.250710099191983,-0.5016923103986957
1.2530129947032127,-0.501789269015035
1.2552884825952222,-0.5018856599604532
1.2575363146753464,-0.5019814639222123
1.2597562400700433,-0.5020766613889674
1.2619480051938994,-0.5021712326491672
1.2641113537183628,-0.5022651577894429
1.2662460265401845,-0.5023584166929825
1.2683517617495847,-0.502450989037895
1.270428294598124,-0.5025428542955583
1.272475357466291,-0.5026339917289558
1.2744926798307985,-0.5027243803909996
1.276479988231588,-0.5028139991228397
1.2784370062385408,-0.5029028265521608
1.2803634544178926,-0.5029908410914644
1.2822590502983486,-0.503078020936338
1.2841235083369074,-0.5031643440637116
1.28595653988437,-0.5032497882300977
1.2877578531505607,-0.5033343309698209
1.289527153169229,-0.5034179495932303
1.291264141762658,-0.5035006211849012
1.2929685175059507,-0.503582322601819
1.2946399756910163,-0.5036630304715528
1.2962782082902384,-0.5037427211904112
1.2978829039198287,-0.5038213709215863
1.2994537478028676,-0.5038989555932822
1.3009904217320198,-0.5039754508968288
1.3024926040319391,-0.5040508322847812
