-1.3575036560975935,-0.4670394909971376
-1.3575036099524675,-0.46703945992431756
-1.3575035618145503,-0.46703942885779925
-1.3575035078592856,-0.4670393955979082
-1.357503441873767,-0.4670393566775886
-1.3575033554057971,-0.4670393075106531
-1.3575032379062948,-0.4670392425302565
-1.3575030768652663,-0.4670391553180588
-1.3575028579416712,-0.46703903872453834
-1.357502565087444,-0.4670388849809214
-1.3575021806658811,-0.4670386858031064
-1.3575016855647073,-0.46703843248804905
-1.3575010593040029,-0.4670381160029496
-1.3575002801392035,-0.46703772706764696
-1.357499325159434,-0.46703725623056785
-1.3574981703812798,-0.46703669393856273
-1.357496790838298,-0.4670360306009871
-1.357495160666343,-0.46703525664830897
-1.3574932531849464,-0.46703436258557124
-1.357491040974885,-0.4670333390409813
-1.3574884959520648,-0.4670321768099026
-1.3574855894379305,-0.46703086689452566
-1.3574822922264873,-0.46702940053945574
-1.3574785746480753,-0.467027769263465
-1.3574744066300621,-0.46702596488763937
-1.3574697577545014,-0.46702397956012703
-1.3574645973129589,-0.46702180577772384
-1.3574588943585453,-0.4670194364044635
-1.3574526177552972,-0.46701686468742737
-1.3574457362250143,-0.4670140842699517
-1.3574382183915992,-0.46701108920237955
-1.3574300328230529,-0.46700787395056553
-1.3574211480711849,-0.4670044334022526
-1.3574115327091107,-0.46700076287148995
-1.3574011553666545,-0.46699685810122826
-1.3573899847636766,-0.46699271526422076
-1.3573779897414668,-0.4669883309623721
-1.3573651392922301,-0.4669837022246442
-1.3573514025867413,-0.46697882650363937
-1.357336749000264,-0.46697370167097535
-1.3573211481367262,-0.46696832601153637
-1.3573045698513118,-0.4669626982167293
-1.3572869842714397,-0.4669568173768089
-1.3572683618162409,-0.4669506829723758
-1.3572486732145728,-0.4669442948651331
-1.3572278895215957,-0.46693765328795833
-1.3572059821340163,-0.46693075883439494
-1.3571829228040064,-0.4669236124476106
-1.3571586836518676,-0.46691621540890393
-1.357133237177451,-0.46690856932579794
-1.3571065562704319,-0.46690067611981073
-1.3570786142194409,-0.4668925380139319
-1.3570493847201015,-0.46688415751986784
-1.3570188418820457,-0.46687553742510735
-1.3569869602348723,-0.4668666807798322
-1.3569537147331792,-0.4668575908837447
-1.3569190807606444,-0.46684827127282824
-1.3568830341332019,-0.46683872570608553
-1.356845551101387,-0.46682895815229736
-1.3568066083517993,-0.46681897277680456
-1.3567661830078201,-0.4668087739283849
-1.3567242526295427,-0.46679836612621306
-1.356680795212976,-0.4667877540469527
-1.3566357891885585,-0.4667769425119975
-1.3565892134189703,-0.4667659364748709
-1.3565410471963373,-0.4667547410088221
-1.3564912702388006,-0.46674336129462457
-1.3564398626865064,-0.4667318026085958
-1.3563868050970487,-0.46672007031085483
-1.3563320784403472,-0.4667081698338208
-1.3562756640930447,-0.46669610667097955
-1.3562175438324182,-0.46668388636591734
-1.356157699829817,-0.4666715145016315
-1.3560961146436978,-0.4666589966901386
-1.3560327712121978,-0.46664633856235654
-1.3559676528453706,-0.46663354575830795
-1.3559007432170223,-0.466620623917613
-1.3558320263562256,-0.46660757867030245
-1.3557614866384833,-0.46659441562792825
-1.3556891087766065,-0.466581140374997
-1.3556148778113097,-0.4665677584607196
-1.355538779101528,-0.46655427539106625
-1.3554607983145135,-0.46654069662115394
-1.35538092141567,-0.4665270275479275
-1.3552991346582084,-0.46651327350317134
-1.3552154245725996,-0.4664994397468282
-1.355129777955848,-0.4664855314606248
-1.3550421818606346,-0.46647155374201205
-1.354952623584268,-0.4664575115983987
-1.3548610906575662,-0.4664434099416958
-1.354767570833588,-0.46642925358315407
-1.3546720520762934,-0.46641504722849264
-1.3545745225491195,-0.4664007954733222
-1.3544749706034698,-0.4663865027988403
-1.354373384767184,-0.46637217356781674
-1.3542697537329451,-0.466357812020847
-1.3541640663466659,-0.46634342227287273
-1.3540563115958844,-0.46632900830997215
-1.3539464785981068,-0.4663145739863904
-1.353834556589217,-0.4663001230218423
-1.3537205349118802,-0.4662856589990393
-1.3536044030039767,-0.4662711853614708
-1.3534861503871054,-0.46625670541141173
-1.3533657666551018,-0.46624222230814893
-1.353243241462664,-0.4662277390664414
-1.3531185645140207,-0.46621325855518203
-1.352991725551695,-0.46619878349627225
-1.352862714345384,-0.4661843164637005
-1.352731520680886,-0.46616985988280024
-1.352598134349187,-0.46615541602971466
-1.3524625451356522,-0.46614098703102874
-1.3523247428093241,-0.4661265748635826
-1.352184717112398,-0.46611218135445565
-1.3520424577497745,-0.46609780818110247
-1.3518979543788199,-0.46608345687165637
-1.3517511965992488,-0.466069128805379
-1.3516021739431667,-0.4660548252132495
-1.35145087586531,-0.466040547178703
-1.3512972917334038,-0.46602629563848424
-1.3511414108187436,-0.4660120713836405
-1.350983222286947,-0.46599787506063156
-1.3508227151888756,-0.4659837071725499
-1.3506598784517863,-0.46596956808045953
-1.3504947008706314,-0.4659554580048241
-1.350327171099594,-0.4659413770270449
-1.3501572776438189,-0.46592732509108853
-1.3499850088513417,-0.46591330200519687
-1.3498103529052603,-0.46589930744369445
-1.349633297816067,-0.46588534094884937
-1.3494538314142464,-0.46587140193282994
-1.3492719413430792,-0.4658574896797178
-1.3490876150516493,-0.4658436033475843
-1.348900839788123,-0.46582974197063676
-1.3487116025931858,-0.46581590446139914
-1.3485198902937723,-0.46580208961296343
-1.3483256894969906,-0.4657882961012753
-1.3481289865842843,-0.465774522487464
-1.347929767705855,-0.46576076722022014
-1.3477280187752598,-0.46574702863818723
-1.3475237254643024,-0.4657333049724047
-1.3473168731981304,-0.4657195943487684
-1.347107447150571,-0.46570589479051466
-1.346895432239722,-0.46569220422073127
-1.3466808131237435,-0.4656785204648769
-1.3464635741969206,-0.46566484125331964
-1.346243699585945,-0.4656511642238888
-1.3460211731464324,-0.46563748692442936
-1.3457959784597018,-0.4656238068153713
-1.34556809882974,-0.4656101212722905
-1.3453375172804487,-0.4655964275884751
-1.3451042165530973,-0.4655827229774952
-1.3448681791040213,-0.4655690045757583
-1.3446293871025568,-0.46555526944507
-1.3443878224291785,-0.4655415145751714
-1.3441434666739025,-0.4655277368862792
-1.3438963011348934,-0.4655139332316045
-1.3436463068173015,-0.46550010039986073
-1.3433934644323402,-0.46548623511775955
-1.3431377543965577,-0.46547233405247374
-1.3428791568313552,-0.4654583938141006
-1.3426176515627146,-0.46544441095808786
-1.342353218121133,-0.4654303819876469
-1.342085835741806,-0.4654163033561396
-1.3418154833649714,-0.4654021714694353
-1.341542139636511,-0.46538798268824855
-1.3412657829087364,-0.46537373333044707
-1.3409863912413804,-0.4653594196733281
-1.3407039424028149,-0.4653450379558736
-1.340418413871427,-0.46533058438096325
-1.3401297828372374,-0.46531605511756796
-1.3398380262036829,-0.4653014463029029
-1.3395431205896096,-0.465286754044554
-1.3392450423314526,-0.46527197442257373
-1.3389437674855926,-0.46525710349152843
-1.3386392718309041,-0.46524213728253017
-1.338331530871494,-0.46522707180522244
-1.338020519839598,-0.46521190304973314
-1.337706213698677,-0.46519662698859887
-1.337388587146662,-0.46518123957863816
-1.3370676146193796,-0.46516573676280565
-1.3367432702941544,-0.46515011447200083
-1.3364155280935432,-0.4651343686268401
-1.3360843616892772,-0.4651184951394019
-1.3357497445063058,-0.46510248991491965
-1.3354116497270305,-0.4650863488534496
-1.335070050295701,-0.46507006785150706
-1.3347249189228905,-0.4650536428036425
-1.334376228090214,-0.4650370696040165
-1.3340239500551,-0.4650203441479038
-1.3336680568557413,-0.4650034623331824
-1.3333085203161974,-0.46498642006178714
-1.332945312051556,-0.46496921324110524
-1.3325784034733246,-0.4649518377853718
-1.3322077657948477,-0.46493428961699595
-1.3318333700369094,-0.4649165646678709
-1.3314551870334452,-0.46489865888065174
-1.3310731874373134,-0.46488056820997636
-1.3306873417262794,-0.46486228862368645
-1.330297620208998,-0.46484381610398195
-1.3299039930311745,-0.46482514664856367
-1.3295064301818178,-0.4648062762717361
-1.3291049014995333,-0.46478720100546966
-1.3286993766790136,-0.4647679169004509
-1.3282898252775146,-0.46474842002707806
-1.3278762167214826,-0.46472870647643905
-1.3274585203132718,-0.4647087723612628
-1.327036705237892,-0.46468861381682064
-1.3266107405698875,-0.46466822700182026
-1.3261805952802614,-0.4646476080992572
-1.325746238243484,-0.46462675331723874
-1.3253076382445774,-0.4646056588897893
-1.3248647639862383,-0.4645843210776095
-1.3244175840960593,-0.464562736168828
-1.323966067133782,-0.4645409004797126
-1.323510181598623,-0.46451881035536036
-1.3230498959366586,-0.4644964621703661
-1.322585178548231,-0.46447385232945415
-1.3221159977954327,-0.46445097726809736
-1.3216423220096305,-0.464427833453107
-1.3211641194990107,-0.4644044173831952
-1.3206813585562014,-0.4643807255895266
-1.3201940074658804,-0.46435675463623016
-1.3197020345124613,-0.46433250112090246
-1.3192054079877875,-0.4643079616750878
-1.3187040961988532,-0.46428313296472756
-1.3181980674755696,-0.46425801169060665
-1.3176872901785113,-0.46423259458875943
-1.3171717327067265,-0.4642068784308725
-1.3166513635055408,-0.46418086002466175
-1.316126151074365,-0.464154536214231
-1.3155960639745514,-0.4641279038804177
-1.3150610708372061,-0.46410095994111095
-1.314521140371048,-0.46407370135156445
-1.3139762413702545,-0.4640461251046854
-1.3134263427223005,-0.46401822823130895
-1.3128714134158246,-0.46399000780046395
-1.3123114225484414,-0.46396146091960944
-1.3117463393345912,-0.46393258473487065
-1.3111761331133587,-0.4639033764312524
-1.3106007733562794,-0.46387383323284387
-1.3100202296751478,-0.4638439524030107
-1.3094344718297715,-0.46381373124456476
-1.30884346973575,-0.46378316709993245
-1.3082471934721958,-0.4637522573513095
-1.3076456132894527,-0.4637209994207963
-1.3070386996167889,-0.46368939077053656
-1.306426423070028,-0.4636574289028258
-1.3058087544591896,-0.46362511136022627
-1.3051856647960751,-0.46359243572566516
-1.304557125301817,-0.4635593996225211
-1.303923107414412,-0.46352600071471095
-1.3032835827961644,-0.46349223670674955
-1.3026385233411444,-0.46345810534382004
-1.301987901182569,-0.4634236044118261
-1.3013316887001323,-0.46338873173743284
-1.3006698585273246,-0.4633534851881174
-1.3000023835586338,-0.4633178626721835
-1.2993292369567688,-0.46328186213879596
-1.298650392159776,-0.46324548157799583
-1.2979658228881081,-0.46320871902070554
-1.2972755031516696,-0.4631715725387437
-1.2965794072567367,-0.46313404024480803
-1.295877509812871,-0.46309612029248
-1.2951697857397493,-0.4630578108762072
-1.2944562102739077,-0.46301911023127973
-1.2937367589754651,-0.4629800166338177
-1.2930114077347055,-0.4629405284007281
-1.2922801327786615,-0.4629006438896828
-1.2915429106775766,-0.4628603614990752
-1.290799718351296,-0.46281967966797394
-1.2900505330756182,-0.46277859687608947
-1.2892953324885037,-0.462737111643706
-1.2885340945962591,-0.4626952225316392
-1.2877667977796137,-0.46265292814117476
-1.2869934207996967,-0.46261022711400107
-1.286213942803986,-0.46256711813215645
-1.2854283433320788,-0.46252359991794467
-1.2846366023214606,-0.46247967123387534
-1.2838387001131413,-0.46243533088258587
-1.2830346174571732,-0.462390577706756
-1.2822243355181566,-0.46234541058904255
-1.2814078358805505,-0.4622998284519788
-1.2805851005539637,-0.46225383025789973
-1.2797561119783145,-0.46220741500885176
-1.2789208530288692,-0.46216058174649094
-1.2780793070212508,-0.46211332955200785
-1.2772314577162498,-0.46206565754601203
-1.2763772893246088,-0.4620175648884445
-1.2755167865116703,-0.4619690507784765
-1.2746499344018918,-0.46192011445439657
-1.2737767185833266,-0.46187075519351917
-1.2728971251119012,-0.46182097231206387
-1.2720111405156573,-0.4617707651650523
-1.2711187517988527,-0.46172013314619714
-1.2702199464459232,-0.4616690756877764
-1.2693147124253994,-0.46161759226053584
-1.2684030381936222,-0.4615656823735512
-1.267484912698405,-0.4615133455741175
-1.2665603253825641,-0.46146058144762775
-1.265629266187288,-0.4614073896174354
-1.2646917255554728,-0.46135376974474507
-1.2637476944348278,-0.4612997215284653
-1.2627971642809563,-0.4612452447050876
-1.261840127060257,-0.4611903390485516
-1.2608765752527,-0.4611350043700989
-1.2599065018545246,-0.4610792405181491
-1.25892990038075,-0.46102304737814787
-1.257946764867602,-0.4609664248724267
-1.2569570898747975,-0.46090937296006135
-1.2559608704876786,-0.4608518916367124
-1.2549581023192724,-0.4607939809344898
-1.253948781512153,-0.4607356409217874
-1.2529329047402198,-0.46067687170313204
-1.2519104692103278,-0.4606176734190278
-1.2508814726637658,-0.4605580462457847
-1.2498459133776487,-0.46049799039536926
-1.2488037901661213,-0.4604375061152267
-1.247755102381461,-0.4603765936881148
-1.246699849915043,-0.4603152534319366
-1.245638033198132,-0.4602534856995523
-1.2445696532026085,-0.4601912908786164
-1.2434947114414812,-0.4601286693913862
-1.2424132099693053,-0.4600656216945384
-1.2413251513824661,-0.4600021482789875
-1.240230538819278,-0.4599382496696829
-1.2391293759600117,-0.4598739264254286
-1.2380216670267246,-0.4598091791386753
-1.236907416782974,-0.45974400843532254
-1.2357866305333998,-0.45967841497451734
-1.2346593141231301,-0.4596123994484353
-1.233525473937103,-0.45954596258208336
-1.2323851168991908,-0.45947910513307255
-1.2312382504712134,-0.45941182789140367
-1.2300848826518134,-0.45934413167924476
-1.2289250219751517,-0.4592760173506969
-1.2277586775095266,-0.4592074857915752
-1.2265858588557883,-0.45913853791916326
-1.2254065761456385,-0.45906917468197733
-1.2242208400398065,-0.45899939705952786
-1.2230286617260266,-0.4589292060620599
-1.2218300529169572,-0.45885860273031703
-1.2206250258478757,-0.4587875881352733
-1.2194135932742791,-0.45871616337787646
-1.218195768469353,-0.4586443295887898
-1.2169715652212372,-0.4585720879281089
-1.215740997830242,-0.4584994395851031
-1.2145040811058416,-0.4584263857779279
-1.2132608303635661,-0.4583529277533434
-1.2120112614217755,-0.45827906678643493
-1.2107553905982231,-0.45820480418030585
-1.2094932347065734,-0.45813014126579743
-1.2082248110527047,-0.4580550794011776
-1.206950137430904,-0.45797961997183406
-1.2056692321199556,-0.4579037643899745
-1.204382113879013,-0.4578275140942926
-1.203088801943437,-0.4577508705496681
-1.2017893160204147,-0.4576738352468257
-1.200483676284479,-0.45759640970201
-1.1991719033729191,-0.4575185954566577
-1.1978540183809936,-0.45744039407704096
-1.1965300428570866,-0.4573618071539408
-1.1951999987976807,-0.45728283630228644
-1.1938639086422098,-0.45720348316079906
-1.1925217952678255,-0.4571237493916448
-1.1911736819839531,-0.4570436366800518
-1.189819592526815,-0.4569631467339565
-1.1884595510537606,-0.4568822812836231
-1.1870935821374935,-0.45680104208125916
-1.185721710760206,-0.4567194309006438
-1.184343962307526,-0.45663744953672486
-1.1829603625624132,-0.45655509980523407
-1.181570937698894,-0.4564723835422858
-1.1801757142756886,-0.4563893026039695
-1.1787747192297426,-0.4563058588659513
-1.1773679798696006,-0.45622205422304807
-1.1759555238687125,-0.4561378905888182
-1.1745373792586093,-0.45605336989513734
-1.1731135744219523,-0.4559684940917671
-1.171684138085527,-0.455883265145933
-1.1702490993130514,-0.4557976850418741
-1.1688084874979627,-0.45571175578041484
-1.1673623323560423,-0.45562547937851267
-1.1659106639179653,-0.45553885786880804
-1.164453512521764,-0.455451893299179
-1.1629909088051484,-0.4553645877322694
-1.161522883697785,-0.45527694324503704
-1.1600494684134552,-0.4551889619282835
-1.1585706944421164,-0.4551006458861807
-1.1570865935419077,-0.45501199723580527
-1.1555971977310207,-0.45492301810664676
-1.154102539279532,-0.45483371064013733
-1.15260265070113,-0.4547440769891591
-1.1510975647447534,-0.4546541193175542
-1.149587314386196,-0.45456383979964005
-1.148071932819567,-0.45447324061969996
-1.1465514534487458,-0.45438232397149275
-1.1450259098787288,-0.4542910920577459
-1.1434953359069127,-0.4541995470896479
-1.141959765514335,-0.4541076912863464
-1.1404192328568115,-0.4540155268744243
-1.1388737722560542,-0.45392305608739475
-1.13732341819071,-0.4538302811651785
-1.135768205287339,-0.4537372043535831
-1.134208168311378,-0.45364382790378754
-1.1326433421579911,-0.4535501540718064
-1.131073761842937,-0.4534561851179704
-1.1294994624933616,-0.45336192330639746
-1.1279204793385307,-0.4532673709044523
-1.1263368477005906,-0.4531725301822314
-1.1247486029852043,-0.45307740341200936
-1.1231557806722288,-0.4529819928677153
-1.1215584163063377,-0.45288630082439435
-1.1199565454875868,-0.45279032955766024
-1.118350203862026,-0.4526940813431727
-1.1167394271122124,-0.4525975584560795
-1.1151242509477624,-0.45250076317048754
-1.1135047110958747,-0.4524036977589179
-1.1118808432918137,-0.4523063644917579
-1.110252683269447,-0.4522087656367339
-1.1086202667516998,-0.4521109034583522
-1.1069836294410766,-0.4520127802173672
-1.1053428070101525,-0.4519143981702404
-1.1036978350920503,-0.4518157595685881
-1.102048749270987,-0.45171686665865773
-1.1003955850727571,-0.45161772168077186
-1.0987383779552842,-0.4515183268687987
-1.0970771632991794,-0.4514186844496138
-1.0954119763982828,-0.4513187966425544
-1.0937428524503117,-0.45121866565890184
-1.0920698265474342,-0.4511182937013297
-1.0903929336669576,-0.4510176829633833
-1.0887122086620205,-0.4509168356289519
-1.0870276862522936,-0.45081575387172995
-1.0853394010147892,-0.4507144398547077
-1.0836473873746484,-0.4506128957296372
-1.0819516795960142,-0.450511123636519
-1.0802523117729577,-0.45040912570308705
-1.0785493178204197,-0.4503069040442868
-1.0768427314652769,-0.45020446076177917
-1.0751325862374062,-0.4501017979434238
-1.0734189154608456,-0.44999891766278144
-1.071701752245036,-0.449895821978617
-1.0699811294760826,-0.4497925129343978
-1.0682570798081705,-0.44968899255781536
-1.0665296356549858,-0.4495852628602912
-1.064798829181257,-0.4494813258365007
-1.063064692294388,-0.44937718346389716
-1.0613272566361376,-0.4492728377022377
-1.059586553574456,-0.44916829049312573
-1.0578426141953554,-0.44906354375954555
-1.0560954692949183,-0.44895859940540905
-1.0543451493714027,-0.4488534593151137
-1.0525916846174224,-0.4487481253530901
-1.050835104912295,-0.4486425993633789
-1.0490754398144457,-0.4485368831691935
-1.047312718553956,-0.44843097857250075
-1.0455469700252389,-0.4483248873536092
-1.0437782227797905,-0.44821861127074947
-1.0420065050191447,-0.44811215205969046
-1.0402318445878742,-0.4480055114333306
-1.0384542689667848,-0.4478986910813206
-1.0366738052662172,-0.4477916926696853
-1.0348904802194734,-0.447684517840446
-1.0331043201764352,-0.4475771682112698
-1.0313153510972681,-0.44746964537510875
-1.0295235985463096,-0.44736195089985664
-1.0277290876861045,-0.44725408632801733
-1.0259318432715632,-0.4471460531763676
-1.024131889644331,-0.44703785293565085
-1.0223292507272663,-0.44692948707026176
-1.0205239500190957,-0.4468209570179446
-1.0187160105892676,-0.44671226418951554
-1.0169054550728995,-0.44660340996856346
-1.015092305665987,-0.4464943957112002
-1.0132765841207094,-0.4463852227457872
-1.0114583117409472,-0.446275892372688
-1.0096375093779915,-0.4461664058640381
-1.007814197426378,-0.44605676446350034
-1.0059883958199818,-0.44594696938606365
-1.004160124028232,-0.4458370218178249
-1.0023294010525428,-0.4457269229157941
-1.000496245422952,-0.44561667380771836
-0.9986606751949015,-0.4455062755918938
-0.9968227079462758,-0.44539572933701765
-0.9949823607745908,-0.4452850360820284
-0.9931396502943929,-0.4451741968359686
-0.9912945926348893,-0.4450632125778644
-0.9894472034377204,-0.4449520842565979
-0.9875974978550117,-0.4448408127908175
-0.9857454905475745,-0.444729399068838
-0.9838911956833344,-0.44461784394856346
-0.9820346269359996,-0.4445061482574289
-0.9801757974838771,-0.4443943127923307
-0.9783147200089787,-0.4442823383196036
-0.9764514066962833,-0.4441702255749795
-0.9745858692332428,-0.4440579752635756
-0.9727181188095181,-0.4439455880598967
-0.9708481661168953,-0.4438330646078368
-0.9689760213494694,-0.44372040552070835
-0.9671016942040174,-0.44360761138127813
-0.9652251938806081,-0.4434946827418129
-0.9633465290834446,-0.44338162012414944
-0.9614657080219093,-0.44326842401976413
-0.9595827384118559,-0.44315509488986504
-0.9576976274771247,-0.44304163316549605
-0.9558103819512769,-0.442928039247651
-0.9539210080795701,-0.44281431350740674
-0.9520295116211503,-0.4427004562860632
-0.9501358978514882,-0.44258646789530376
-0.9482401715650316,-0.44247234861736423
-0.9463423370780949,-0.4423580987052173
-0.944442398231985,-0.44224371838277193
-0.9425403583963453,-0.44212920784508397
-0.9406362204727399,-0.44201456725858174
-0.9387299868984685,-0.44189979676130575
-0.936821659650609,-0.44178489646316116
-0.9349112402502902,-0.44166986644618467
-0.9329987297672008,-0.44155470676482433
-0.9310841288243191,-0.441439417446233
-0.9291674376028825,-0.4413239984905783
-0.92724865584758,-0.44120844987135915
-0.9253277828719738,-0.44109277153574483
-0.9234048175641489,-0.440976963404921
-0.9214797583925922,-0.44086102537445176
-0.9195526034122948,-0.44074495731465485
-0.9176233502710806,-0.44062875907099014
-0.9156919962161566,-0.44051243046446054
-0.9137585381008902,-0.4403959712920293
-0.9118229723918073,-0.44027938132704525
-0.9098852951758052,-0.4401626603196869
-0.9079455021675916,-0.44004580799741516
-0.9060035887173368,-0.4399288240654408
-0.9040595498185435,-0.43981170820720505
-0.902113380116128,-0.43969446008487245
-0.9001650739147132,-0.4395770793398356
-0.89821462518714,-0.43945956559323396
-0.8962620275831754,-0.43934191844648474
-0.8943072744384314,-0.43922413748182365
-0.8923503587834923,-0.439106222262862
-0.8903912733532376,-0.4389881723351526
-0.8884300105963666,-0.4388699872267682
-0.8864665626851213,-0.43875166644889246
-0.8845009215251995,-0.43863320949642254
-0.882533078765866,-0.4385146158485823
-0.8805630258102466,-0.4383958849695459
-0.8785907538258119,-0.43827701630907684
-0.8766162537550453,-0.4381580093031717
-0.8746395163262863,-0.43803886337471926
-0.8726605320647577,-0.437919577934169
-0.8706792913037626,-0.4378001523802101
-0.8686957841960532,-0.43768058610045846
-0.8667100007253684,-0.43756087847215785
-0.8647219307181339,-0.437441028862888
-0.8627315638553247,-0.4373210366312822
-0.860738889684481,-0.437200901127755
-0.8587438976318867,-0.43708062169524103
-0.8567465770148848,-0.4369601976699384
-0.8547469170543475,-0.43683962838206536
-0.8527449068872872,-0.4367189131566215
-0.8507405355796037,-0.4365980513141611
-0.8487337921389658,-0.4364770421715713
-0.846724665527822,-0.4363558850428596
-0.8447131446765382,-0.43623457923994796
-0.8426992184966585,-0.4361131240734765
-0.8406828758942765,-0.43599151885361004
-0.8386641057835278,-0.43586976289085594
-0.8366428971001832,-0.43574785549688577
-0.8346192388153489,-0.4356257959853624
-0.8325931199492651,-0.4355035836727761
-0.8305645295851994,-0.4353812178792838
-0.8285334568834279,-0.43525869792955446
-0.8264998910953002,-0.43513602315361927
-0.824463821577389,-0.435013192887728
-0.8224252378057073,-0.43489020647520704
-0.8203841293900014,-0.4347670632673247
-0.8183404860881041,-0.4346437626241585
-0.81629429782035,-0.4345203039154659
-0.8142455546840451,-0.434396686521561
-0.8121942469679818,-0.43427290983418954
-0.8101403651670036,-0.43414897325741103
-0.8080838999966039,-0.4340248762084811
-0.8060248424075578,-0.4339006181187354
-0.8039631836005842,-0.43377619843447623
-0.8018989150410274,-0.4336516166178605
-0.7998320284735563,-0.433526872147788
-0.7977625159368783,-0.4334019645207911
-0.7956903697784489,-0.43327689325192487
-0.7936155826691906,-0.43315165787565474
-0.7915381476182057,-0.43302625794674904
-0.7894580579874683,-0.4329006930411655
-0.7873753075065107,-0.43277496275694016
-0.7852898902870794,-0.4326490667150731
-0.7832018008377628,-0.4325230045604136
-0.7811110340785886,-0.4323967759625426
-0.7790175853555766,-0.43227038061665374
-0.7769214504552493,-0.4321438182444302
-0.774822625619082,-0.43201708859491955
-0.7727211075579076,-0.431890191445405
-0.7706168934662458,-0.431763126602272
-0.7685099810365704,-0.43163589390187257
-0.7664003684734977,-0.43150849321138246
-0.7642880545078908,-0.43138092442965786
-0.762173038410885,-0.43125318748807995
-0.7600553200078087,-0.43112528235140163
-0.7579348996920123,-0.4309972090185829
-0.7558117784385917,-0.43086896752362197
-0.7536859578179982,-0.43074055793637994
-0.7515574400095312,-0.43061198036339876
-0.7494262278147107,-0.4304832349487098
-0.7472923246705194,-0.4303543218746381
-0.7451557346625106,-0.43022524136259477
-0.7430164625377759,-0.43009599367386464
-0.7408745137177648,-0.42996657911038344
-0.7387298943109554,-0.42983699801550485
-0.7365826111253684,-0.4297072507747615
-0.7344326716809101,-0.4295773378166119
-0.7322800842215574,-0.42944725961318103
-0.7301248577273565,-0.4293170166809884
-0.7279670019262519,-0.4291866095816665
-0.7258065273057207,-0.4290560389226666
-0.7236434451242221,-0.42892530535795576
-0.7214777674224455,-0.42879440958869874
-0.7193095070343573,-0.4286633523639313
-0.717138677598041,-0.4285321344812184
-0.7149652935663241,-0.42840075678730083
-0.7127893702171832,-0.4282692201787287
-0.7106109236639316,-0.4281375256024824
-0.7084299708651716,-0.428005674056578
-0.706246529634517,-0.4278736665906606
-0.7040606186500762,-0.4277415043065816
-0.7018722574636886,-0.42760918835896483
-0.6996814665099155,-0.42747671995575187
-0.697488267114774,-0.42734410035873954
-0.6952926815042175,-0.42721133088409574
-0.6930947328123463,-0.42707841290286325
-0.6908944450893572,-0.42694534784144633
-0.6886918433092137,-0.42681213718208083
-0.6864869533770477,-0.42667878246328866
-0.6842798021362734,-0.4265452852803148
-0.6820704173754184,-0.4264116472855478
-0.6798588278346674,-0.4262778701889219
-0.6776450632121079,-0.42614395575830405
-0.6754291541696829,-0.42600990581985987
-0.6732111323388386,-0.4258757222584045
-0.6709910303258707,-0.4257414070177345
-0.668768881716958,-0.42560696210093885
-0.6665447210828866,-0.42547238957069716
-0.6643185839834573,-0.42533769154955153
-0.662090506971572,-0.42520287022016595
-0.6598605275970024,-0.42506792782556224
-0.6576286844098291,-0.4249328666693388
-0.6553950169635512,-0.4247976891158698
-0.6531595658178707,-0.424662397590481
-0.6509223725411353,-0.424526994579613
-0.6486834797124504,-0.4243914826309554
-0.646442930923447,-0.42425586435356866
-0.6442007707797122,-0.4241201424179812
-0.6419570449018728,-0.4239843195562665
-0.6397117999263323,-0.4238483985620993
-0.6374650835056647,-0.42371238229079566
-0.6352169443086513,-0.4235762736593236
-0.6329674320199695,-0.423440075646301
-0.6307165973395298,-0.4233037912919667
-0.6284644919814556,-0.4231674236981351
-0.6262111686727067,-0.42303097602812506
-0.6239566811513451,-0.4228944515066703
-0.6217010841644466,-0.42275785341980976
-0.619444433465646,-0.42262118511475033
-0.6171867858123303,-0.4224844499997184
-0.614928198962463,-0.42234765154377685
-0.612668731671054,-0.42221079327663513
-0.6104084436862645,-0.42207387878842395
-0.6081473957451503,-0.42193691172945835
-0.6058856495690444,-0.42179989580997534
-0.6036232678585788,-0.42166283479984923
-0.6013603142883416,-0.4215257325282879
-0.5990968535011767,-0.4213885928835052
-0.5968329511021213,-0.42125141981237363
-0.5945686736519842,-0.4211142173200537
-0.5923040886605657,-0.42097698946960643
-0.5900392645795186,-0.42083974038157773
-0.5877742707948517,-0.4207024742335663
-0.5855091776190824,-0.42056519525977015
-0.5832440562830333,-0.4204279077505116
-0.5809789789272714,-0.4202906160517385
-0.5787140185932044,-0.4201533245645085
-0.5764492492138259,-0.42001603774445184
-0.5741847456041135,-0.4198787601012118
-0.5719205834510815,-0.41974149619786577
-0.569656839303496,-0.41960425065032586
-0.5673935905612462,-0.41946702812672
-0.5651309154643824,-0.419329833346752
-0.5628688930818183,-0.419192671081042
-0.5606076032997064,-0.4190555461504483
-0.5583471268094777,-0.4189184634253672
-0.5560875450955678,-0.41878142782501715
-0.5538289404228137,-0.41864444431670084
-0.5515713958235389,-0.4185075179150497
-0.5493149950843205,-0.4183706536812497
-0.5470598227324507,-0.41823385672224794
-0.5448059640220919,-0.4180971321899436
-0.5425535049201273,-0.4179604852803562
-0.5403025320917176,-0.4178239212327824
-0.5380531328855666,-0.4176874453289288
-0.535805395318894,-0.4175510628920341
-0.5335594080621274,-0.4174147792859687
-0.5313152604233189,-0.4172785999143222
-0.529073042332281,-0.41714253021947084
-0.5268328443244629,-0.4170065756816327
-0.524594757524555,-0.416870741817904
-0.5223588736298435,-0.41673503418128227
-0.520125284893308,-0.4165994583596734
-0.517894084106474,-0.4164640199748844
-0.515665364582025,-0.41632872468160176
-0.5134392201361786,-0.4161935781663551
-0.511215745070835,-0.4160585861464695
-0.5089950341555011,-0.4159237543690007
-0.5067771826089998,-0.41578908860966163
-0.5045622860809682,-0.41565459467173305
-0.502350440633151,-0.41552027838496364
-0.5001417427204972,-0.4153861456044583
-0.4979362891720666,-0.41525220220955383
-0.4957341771717516,-0.41511845410268533
-0.49353550423882225,-0.4149849072082406
-0.491340368208301,-0.41485156747140556
-0.48914886721117257,-0.41471844085699744
-0.4869610996544401,-0.41458553334829257
-0.48477716420103084,-0.41445285094584106
-0.4825971597495595,-0.4143203996662751
-0.48042118541395745,-0.41418818554110953
-0.4782493405029768,-0.4140562146155331
-0.4760817244995701,-0.4139244929471938
-0.4739184370401625,-0.4137930266049764
-0.47175957789381734,-0.41366182166777454
-0.4696052469413019,-0.413530884223255
-0.4674555441540708,-0.41340022036661994
-0.4653105695731591,-0.4132698361993602
-0.4631704232880087,-0.4131397378280054
-0.46103520541522386,-0.4130099313628717
-0.4589050160772705,-0.41288042291680244
-0.4567799553811254,-0.4127512186039086
-0.45466012339688106,-0.4126223245383042
-0.4525456201363174,-0.41249374683284024
-0.4504365455314463,-0.4123654915978372
-0.44833299941303667,-0.412237564939815
-0.4462350814891301,-0.41210997296022267
-0.4441428913235513,-0.4119827217541665
-0.44205652831442727,-0.41185581740914023
-0.4399760916727146,-0.4117292660037522
-0.4379016804007512,-0.41160307360645576
-0.4358333932708372,-0.4114772462742819
-0.4337713288038482,-0.4113517900515697
-0.4317155852478997,-0.4112267109687016
-0.42966626055705776,-0.4111020150408417
-0.4276234523701135,-0.41097770826667473
-0.4255872579894251,-0.41085379662715105
-0.4235577743598343,-0.41073028608423245
-0.4215350980476683,-0.4106071825796455
-0.41951932521983154,-0.410484492033638
-0.417510551622996,-0.4103622203437393
-0.4155088725628972,-0.4102403733835282
-0.41351438288374703,-0.4101189570014063
-0.4115271769477635,-0.409997977019377
-0.40954734861483216,-0.40987743923183273
-0.4075749912222991,-0.4097573494043448
-0.4056101975649128,-0.40963771327247006
-0.40365305987490874,-0.4095185365405539
-0.4017036698022569,-0.4093998248805508
-0.3997621183950684,-0.409281583930849
-0.39782849608017473,-0.40916381929510465
-0.3959028926438844,-0.4090465365410872
-0.39398539721292014,-0.40892974119953185
-0.39207609823555095,-0.4088134387630045
-0.390175083462916,-0.40869763468477616
-0.3882824399305516,-0.40858233437770625
-0.3863982539401307,-0.4084675432131412
-0.3845226110414107,-0.40835326651982
-0.38265559601440674,-0.40823950958279415
-0.3807972928517867,-0.40812627764235804
-0.3789477847415016,-0.4080135758929936
-0.37710715404964706,-0.40790140948232395
-0.37527548230357294,-0.407789783510084
-0.3734528501752356,-0.40767870302710046
-0.37163933746480193,-0.40756817303428744
-0.36983502308451155,-0.40745819848165415
-0.368039985042799,-0.4073487842673279
-0.3662543004286802,-0.40723993523658847
-0.36447804539641104,-0.4071316561809194
-0.36271129515041556,-0.4070239518370714
-0.3609541239304946,-0.40691682688614206
-0.3592066049973123,-0.4068102859526682
-0.3574688106181703,-0.4067043336037352
-0.3557408120530668,-0.40659897434809933
-0.35402267954104644,-0.4064942126353264
-0.3523144822868438,-0.40639005285494534
-0.3506162884478243,-0.40628649933561717
-0.3489281651212202,-0.4061835563443182
-0.3472501783316725,-0.40608122808554087
-0.3455823930190691,-0.40597951870050875
-0.3439248730266936,-0.40587843226640713
-0.3422776810896757,-0.4057779727956301
-0.3406408788237516,-0.4056781442350416
-0.3390145267143338,-0.40557895046525566
-0.3373986841058874,-0.4054803952999281
-0.33579340919162065,-0.4053824824850673
-0.33419875900348384,-0.4052852156983593
-0.33261478940248135,-0.4051885985485081
-0.3310415550692945,-0.40509263457459393
-0.3294791094952144,-0.40499732724544396
-0.32792750497338924,-0.4049026799590217
-0.3263867925903785,-0.40480869604182945
-0.3248570222180198,-0.4047153787483273
-0.32333824250560217,-0.4046227312603691
-0.321830500872348,-0.40453075668664845
-0.3203338435002021,-0.40443945806216774
-0.31884831532692337,-0.404348838347714
-0.31737396003948065,-0.404258900429356
-0.31591082006774834,-0.40416964711795184
-0.31445893657850044,-0.40408108114867386
-0.3130183494697014,-0.40399320518054554
-0.311589097365088,-0.4039060217959957
-0.31017121760904487,-0.4038195335004232
-0.3087647462617635,-0.40373374272177853
-0.307369718094687,-0.4036486518101562
-0.30598616658623606,-0.4035642630374039
-0.3046141239178087,-0.4034805785967412
-0.30325362097005587,-0.403397600602394
-0.30190468731942366,-0.40331533108924017
-0.30056735123496053,-0.40323377201246946
-0.29924163967538414,-0.40315292524725166
-0.29792757828640326,-0.40307279258842177
-0.29662519139829235,-0.40299337575017363
-0.2953345020237071,-0.4029146763657655
-0.2940555318557443,-0.4028366959872378
-0.29278830126623484,-0.4027594360851399
-0.29153282930426655,-0.4026828980482695
-0.290289133694931,-0.4026070831834207
-0.28905723083828766,-0.4025319927151429
-0.28783713580854103,-0.40245762778550886
-0.28662886235342366,-0.40238398945389253
-0.28543242289377874,-0.4023110786967561
-0.2842478285233373,-0.40223889640744526
-0.28307508900868034,-0.4021674433959922
-0.2819142127893843,-0.40209672038892996
-0.2807652069783385,-0.4020267280291097
-0.2796280773622313,-0.4019574668755305
-0.2785028284021949,-0.4018889374031721
-0.2773894632346064,-0.4018211400028382
-0.27628798367203117,-0.4017540749810031
-0.27519839020431086,-0.4016877425596677
-0.274120681999779,-0.4016221428762194
-0.27305485690660475,-0.40155727598329766
-0.2720009114542537,-0.4014931418486676
-0.2709588408550584,-0.4014297403550948
-0.2699286390058948,-0.40136707130022975
-0.268910298489951,-0.40130513439649096
-0.26790381057858925,-0.401243929270959
-0.26690916523328506,-0.4011834554652694
-0.265926351107644,-0.4011237124355131
-0.264955355549483,-0.4010646995521372
-0.26399616460297204,-0.40100641609985244
-0.2630487630108294,-0.400948861277542
-0.26211313421655924,-0.400892034198173
-0.26118926036673035,-0.40083593388871264
-0.2602771223132828,-0.40078055929004475
-0.2593766996158622,-0.4007259092568917
-0.2584879705441665,-0.40067198255773473
-0.2576109120803068,-0.4006187778747411
-0.25674549992117013,-0.4005662938036896
-0.2558917084807783,-0.4005145288539004
-0.25504951089263866,-0.4004634814481648
-0.2542188790120779,-0.40041314992268007
-0.253399783418554,-0.4003635325269823
-0.2525921934179395,-0.4003146274238838
-0.2517960770447717,-0.400266432689412
-0.2510114010644621,-0.4002189463127488
-0.25023813097546055,-0.4001721661961723
-0.2494762310113696,-0.40012609015500306
-0.24872566414300223,-0.40008071591754746
-0.24798639208037962,-0.4000360411250479
-0.24725837527466382,-0.3999920633316328
-0.24654157292002013,-0.3999487800042695
-0.2458359429554067,-0.3999061885227198
-0.245141442066286,-0.39986428617949843
-0.24445802568625521,-0.39982307017983476
-0.2437856479985942,-0.39978253764163785
-0.2431242619377227,-0.39974268559546355
-0.24247381919057134,-0.39970351098448864
-0.24183427019785886,-0.3996650106644865
-0.2412055641552756,-0.39962718140380826
-0.2405876490145723,-0.39959001988336956
-0.23998047148455134,-0.3995535226966421
-0.23938397703196257,-0.3995176863496519
-0.23879810988229944,-0.3994825072609826
-0.2382228130205004,-0.3994479817617876
-0.23765802819155163,-0.3994141060958078
-0.23710369590099528,-0.3993808764193996
-0.23655975541534455,-0.39934828880157
-0.23602614476240513,-0.39931633922402093
-0.23550280073150995,-0.3992850235812055
-0.23498965887366707,-0.39925433768039376
-0.23448665350162531,-0.39922427724174986
-0.23399371768986355,-0.39919483789842214
-0.2335107832745075,-0.3991660151966469
-0.23303778085317964,-0.39913780459586545
-0.2325746397847894,-0.399110201468856
-0.2321212881892714,-0.39908320110188356
-0.23167765294727788,-0.39905679869486355
-0.23124365969983593,-0.39903098936154663
-0.23081923284797792,-0.3990057681297202
-0.23040429555235728,-0.398981129941432
-0.22999876973285893,-0.3989570696532331
-0.2296025760682176,-0.3989335820364454
-0.22921563399565903,-0.39891066177745166
-0.22883786171057527,-0.3988883034780101
-0.2284691761662541,-0.3988665016555984
-0.22810949307367287,-0.39884525074378063
-0.22775872690138288,-0.39882454509260834
-0.22741679087549546,-0.3988043789690485
-0.2270835969797973,-0.3987847465574468
-0.22675905595601129,-0.39876564196002184
-0.2264430773042308,-0.3987470591973969
-0.2261355692835498,-0.39872899220916824
-0.2258364389129176,-0.39871143485451244
-0.22554559197224397,-0.39869438091283294
-0.22526293300378977,-0.39867782408445296
-0.22498836531386945,-0.39866175799134845
-0.2247217909749051,-0.3986461761779308
-0.2244631108278669,-0.398631072111878
-0.224212224485137,-0.3986164391850143
-0.22396903033384236,-0.3986022707142467
-0.22373342553969655,-0.39858855994255343
-0.22350530605140095,-0.398575300040034
-0.22328456660565116,-0.3985624841050154
-0.22307110073280637,-0.3985501051652258
-0.2228648007632727,-0.3985381561790312
-0.2226655578346639,-0.39852663003674244
-0.22247326189980116,-0.3985155195619933
-0.22228780173561885,-0.3985048175131936
-0.22210906495304816,-0.3984945165850602
-0.2219369380079545,-0.3984846094102303
-0.2217713062132075,-0.3984750885609589
-0.22161205375197157,-0.39846594655090656
-0.22145906369230367,-0.3984571758370171
-0.22131221800315837,-0.3984487688214964
-0.2211713975718982,-0.3984407178538878
-0.2210364822234204,-0.3984330152332568
-0.22090735074101192,-0.39842565321048323
-0.2207838808890575,-0.39841862399067146
-0.22066594943772627,-0.39841191973567947
-0.22055343218977608,-0.39840553256677447
-0.22044620400961973,-0.39839945456742054
-0.22034413885480733,-0.3983936777862043
-0.2202471098100881,-0.3983881942399059
-0.22015498912422427,-0.39838299591672066
-0.22006764824974062,-0.3983780747796389
-0.21998495788580558,-0.3983734227699938
-0.21990678802444802,-0.3983690318111816
-0.2198330080003309,-0.3983648938125663
-0.21976348654431282,-0.39836100067357627
-0.219698091841042,-0.3983573442880012
-0.21963669159084565,-0.39835391654850205
-0.21957915307618991,-0.39835070935134376
-0.21952534323300238,-0.39834771460136076
-0.21947512872716762,-0.3983449242171684
-0.21942837603652596,-0.39834233013663545
-0.2193849515387207,-0.3983399243226266
-0.2193447216052651,-0.39833769876903447
-0.21930755270221747,-0.3983356455071113
-0.21927331149787826,-0.3983337566121202
-0.21924186497794917,-0.398332024210325
-0.21921308056861302,-0.3983304404863292
-0.21918682626802954,-0.39832899769079394
-0.2191629707867636,-0.3983276881485477
-0.2191413836976941,-0.3983265042671118
-0.2191219355959877,-0.3983254385456677
-0.21910449826974998,-0.3983244835844886
-0.21908894488200265,-0.3983236320948591
-0.21907515016467907,-0.39832287690951956
-0.2190629906253579,-0.398322210993651
-0.21905234476751023,-0.39832162745644706
-0.21904309332506708,-0.39832111956329513
-0.21903511951216695,-0.39832068074860716
-0.2190283092889918,-0.39832030462933743
-0.21902255164464549,-0.39831998501922505
-0.21901773889809,-0.398319715943807
-0.2190137670182049,-0.39831949165624275
-0.21901053596409847,-0.3983193066540004
-0.21900795004686183,-0.3983191556964544
-0.21900591831402097,-0.3983190338234475
-0.21900435495801424,-0.3983189363748764
-0.21900317975009084,-0.39831885901135355
-0.21900231850111126,-0.3983187977360225
-0.21900170355079798,-0.398318748917577
-0.2190012742870847,-0.39831870931457053
-0.21900097769728855,-0.39831867610108196
-0.21900076895292997,-0.39831864689382096
-0.21900061203012297,-0.3983186197807594
-0.21900048036755682,-0.3983185933513731
-0.21900035756420524,-0.39831856672859495
