-1.787948048472987,0.6954845206742872,-0.23295494390219237
-1.7829944465068517,0.6911651838547866,-0.2315497070271234
-1.750195222414964,0.6734310294840665,-0.22725980700447382
-1.7080666011790853,0.6553358935499835,-0.22221965169092198
-1.6590231129561492,0.6316326543909035,-0.21772746397010115
-1.619494690137559,0.6108736277757598,-0.21305130128090063
-1.5786821515750824,0.592513268172825,-0.20840868331958773
-1.5493721964965699,0.5804496641454582,-0.207091680286968
-1.5326087733278149,0.5709554576061057,-0.20445545348079192
-1.5210109662719642,0.5663053818031396,-0.20318970995753968
-1.4948559972120068,0.5545753190011514,-0.20117238215463693
-1.4732395146168138,0.5427394590852211,-0.20456564784389852
-1.4451405777946342,0.5277570775631406,-0.20274477351926834
-1.428093544844139,0.5215372066856796,-0.20189880190223605
-1.3991845826148392,0.5092185060566486,-0.20204836504051524
-1.3858461190117277,0.5034556590119273,-0.20110646181292463
-1.3723710502348487,0.4973078845321729,-0.20196448639271852
-1.3469836661428312,0.48622020187852877,-0.20082247030757483
-1.3293251879186054,0.47822644250492213,-0.19828675317073666
-1.3058131299402198,0.46927680246633685,-0.19961945943041906
-1.2835309205069434,0.4616927570509761,-0.19986638885032898
-1.2537309699659414,0.4499552000886519,-0.20107716523531974
-1.2398411700818355,0.4452579401007791,-0.20023219793743682
-1.2166907157818458,0.43607172801231847,-0.19688555719325315
-1.1961647247637897,0.42627746296347485,-0.19539690418867547
-1.164916418021432,0.4151806336296182,-0.192856096704598
-1.1442207971939509,0.40691458596629065,-0.19163078479202503
-1.1259004947339395,0.3992087146506739,-0.19195764070944923
-1.099499111877683,0.38862601508676065,-0.19203937365528806
-1.0706972434646838,0.3773719899236476,-0.19217170491326394
-1.0368467710686504,0.36285223517895976,-0.19254891883498523
-1.0117726810272591,0.35293927293748406,-0.19245773158324905
-0.9914597847112059,0.344182018964621,-0.19073734750483542
-0.9697419591921789,0.3369753148984738,-0.18984722699618792
-0.9467133500374565,0.3280667047102361,-0.18704948308060432
-0.924144375646157,0.3191034630635396,-0.18731653567637255
-0.8912643736063212,0.30625654968188537,-0.18486475259514606
-0.8606883373768459,0.29339761437296236,-0.18639038105166836
-0.833794008947721,0.28308798830259924,-0.18658323471531962
-0.7978646101999621,0.26750231247369366,-0.18587315491320602
-0.7660232110433608,0.2549865288579866,-0.18615959778364655
-0.7411668861014686,0.24604143640818343,-0.18592454531101957
-0.7081901924155309,0.23347536847252393,-0.18592325802476334
-0.6757231062244391,0.21975340948195185,-0.18597872791807646
-0.6463807394275755,0.20907756031130298,-0.1838888560579193
-0.611104672386504,0.19540380271331179,-0.18543039192973676
-0.5785715428753795,0.18504747624443063,-0.1844408834787042
-0.5528865673325101,0.17387124404682028,-0.18681776374979586
-0.5182658427105211,0.16035865053465892,-0.18658506887619578
-0.48051845480323974,0.14678776741396304,-0.18578801483828866
-0.4420117434934107,0.13306929976747472,-0.18341116030673105
-0.4144175376769823,0.12113975531671703,-0.18359600421244218
-0.38540063838763594,0.10849453217542356,-0.18545191168694655
-0.3506776487364837,0.09408385923462143,-0.18303981412001316
-0.3164277160152812,0.08100112302069382,-0.18143566644519657
-0.27853987390614526,0.06728089127427067,-0.1789313138784788
-0.23314350407382456,0.049393383397728016,-0.1803023134453439
-0.20699920840954839,0.038528838928919,-0.1788247968092195
-0.16506895654956896,0.022561103287191804,-0.17847500119895904
-0.13917221534247218,0.01327123967874833,-0.17658047100756138
-0.10540260222270409,0.00077536987604256,-0.17597896447775763
-0.06520790721370817,-0.013799930315373417,-0.17526114591735967
-0.034196108243382276,-0.02708352302740087,-0.17672820340773557
-0.004982951568714782,-0.03554840991342959,-0.1729578573137323
0.023211856583735244,-0.0461702820952254,-0.17296833028492667
0.058889419870414156,-0.05986993690256262,-0.17417311986962525
0.08933026778149818,-0.07360171285212219,-0.17293216222671962
0.12040397631940866,-0.08329361251868624,-0.17324396886099183
0.15932268333015212,-0.09663098610698988,-0.16977499273541333
0.1850255426308024,-0.10598898963595563,-0.16968594955158767
0.21575910432577744,-0.11740418966681805,-0.17026205188524354
0.25274565917623365,-0.13030427017923915,-0.1702374681747657
0.279054384422729,-0.1396291728213245,-0.1691096618172176
0.30895786414082904,-0.15074610820964351,-0.1687720378847958
0.3415936845765196,-0.16189372528669757,-0.16650639866607825
0.37241151141004214,-0.17267759512614575,-0.16501074575458044
0.4125673938643923,-0.18349632453986758,-0.16279925240395215
0.43778868685000444,-0.19364352992557232,-0.16448762074000028
0.4686691078514445,-0.20342780567882685,-0.16366622546063261
0.4982229251293194,-0.21341240420150284,-0.16205223479109315
0.5372121682583301,-0.22661907704901565,-0.16217838459120734
0.5695803988318765,-0.23785719062472838,-0.16201073613560998
0.6054809568357394,-0.2482423133075973,-0.16097837608908563
0.6366318761845947,-0.2582627548954884,-0.1587539548163026
0.6712832204392305,-0.26860809715143175,-0.1581192208342113
0.7047841702480463,-0.2793347284286079,-0.15529797096142603
0.7440381994179215,-0.29198653230645244,-0.15438264749177774
0.7816433932212733,-0.3037459476350816,-0.15536718874093713
0.8022359429891055,-0.31162690197976356,-0.15583414769703982
0.8421188708190905,-0.3233014229530522,-0.1550125781938686
0.8697445899243624,-0.33108431936909877,-0.15411003726918138
0.9010370225314625,-0.34334700727751766,-0.15518166529883226
0.9321780826829138,-0.35364172190684867,-0.1551684928839347
0.9687083245598382,-0.36618896226438563,-0.15646974223200588
1.0032103512145456,-0.37704448237281657,-0.15665155529354322
1.0282015390081731,-0.38403236687674275,-0.15516154489516082
1.0556281566309698,-0.3943837234720786,-0.15655335280191005
1.0959021550558048,-0.4049007163125112,-0.1548423489236971
1.134128380826573,-0.41764389953725806,-0.15411496048276116
1.1550938967788826,-0.4245845185879486,-0.1558410025534633
1.1879740540993176,-0.4334829350147524,-0.15555045534656614
1.220249392220553,-0.4436674903694425,-0.15468836421599336
1.2526989104392796,-0.45341287134396635,-0.15545080340396653
1.2726715926534464,-0.45784852765843825,-0.1549527024751291
1.3069394271320776,-0.4684985719723196,-0.1560760717099057
1.340193087475903,-0.480881572331846,-0.15745849376958435
1.3761389054090878,-0.4926307691393095,-0.15738682436482443
1.4125156179128595,-0.5052584420969363,-0.15711319409577526
1.4421361536218378,-0.515335207523196,-0.15679338603087176
1.477656217102085,-0.5265256878195935,-0.1576453855884081
1.5133715191456867,-0.5380319061574966,-0.15697574843433498
1.549607838516967,-0.5490854399130143,-0.15572058076735207
1.5913840628707332,-0.5612191059041362,-0.1533461886691824
1.6214218477417504,-0.5717581055821539,-0.15204692588003244
1.6603038978611402,-0.5859268422325021,-0.15290178192924989
1.6877858705956605,-0.5930833850677689,-0.15095701757699512
1.7220866259893242,-0.6051832039254723,-0.15240462173347585
1.7524985388359464,-0.615614243402306,-0.15246521105322697
1.7844463559445936,-0.626111460766507,-0.15311011241132622
1.8102044184053352,-0.6344437640088573,-0.1518175169572796
1.839252364198468,-0.6419235379057918,-0.15262555336738245
1.8587097635313443,-0.6469222432079661,-0.15192332242974388
1.8863709880655608,-0.6565699329639335,-0.15387676738549316
1.9355398670014006,-0.6731365307122641,-0.15539759444852308
1.9704640161526836,-0.6853793238885587,-0.15505656691444095
2.002450357672981,-0.6957375816516398,-0.15387039588231338
2.0462290665500253,-0.7089420499712495,-0.15078102433906504
2.0764087213383386,-0.7191927887211693,-0.14954181256587562
2.1054474328465322,-0.7296689765881442,-0.15030275345124777
2.146562182584106,-0.7441200594018103,-0.15147397353957737
2.1776134960223734,-0.7525421327252391,-0.15110131557366888
2.1975520972519744,-0.7584412174800736,-0.1523108615240539
2.2268229344408055,-0.7692538873774225,-0.1541990545843091
2.265460259941147,-0.7831224723115,-0.15312036167179877
2.2938537916492305,-0.7925835321851351,-0.15551717049632025
2.322217101937419,-0.8014084495771588,-0.1561020340255391
2.3551862473302116,-0.8098065014561476,-0.1539155243084427
2.3744819827655474,-0.815590958341217,-0.15343328754597702
2.400404939500425,-0.824653694467695,-0.15046210716338312
2.4302569661253997,-0.8327462585669975,-0.1503815401859719
2.464158126758705,-0.8420188225972728,-0.15159896304375858
2.489376961377727,-0.8493848721902052,-0.15433709908516377
2.532243425211388,-0.8608997894334404,-0.15249496111402644
2.560787567920815,-0.8699411550929051,-0.15245790963412229
2.592472287434618,-0.8797192932130782,-0.1493303830332846
2.6187020058573145,-0.8873168825178758,-0.14940056804063165
2.6647686328294564,-0.9030786608435628,-0.1508367263484991
2.704292851641573,-0.9144415427727542,-0.14978429480772057
2.7292304684169557,-0.9216381694316771,-0.14702910486588383
2.7637285350978,-0.9312163406183478,-0.14742456294110204
2.7970395816971467,-0.94054133892115,-0.14809584651163965
2.8120727118475823,-0.94474953638441,-0.14794493806243791
2.8420595149482506,-0.9548668801124898,-0.148621138175053
2.8699758191267493,-0.9620232137805149,-0.14868585327440786
2.9056396531852466,-0.9721331143696813,-0.1483922308488776
2.9445913355688638,-0.9857616125436363,-0.14848163494887906
2.9825242415659945,-0.999921185609647,-0.1498907165368406
3.01619151559942,-1.0089967534067177,-0.14808458424548931
3.035732216107839,-1.0139647268677,-0.14715425812637348
3.0728914048086016,-1.0261365043238109,-0.14568665292661911
3.1145879439394877,-1.0397423564285082,-0.1443452940142282
3.168612174364254,-1.0575159891325117,-0.143236516062261
3.191915262678821,-1.0647884998814547,-0.16473666384583185
3.201896044409132,-1.0706358242592682,-0.18590052868511286
3.2446493190416152,-1.0887429215043736,-0.18844831964710995
3.2767080111999443,-1.1013506405677307,-0.18806627821393573
3.3186207778501546,-1.11866596632845,-0.18875739890683196
3.3531827650919457,-1.1343013757352414,-0.19087959199686858
3.402008051067563,-1.1564197014755577,-0.19442821013643488
3.4340271484451996,-1.1710206648535646,-0.1939720369144054
3.4638829296982427,-1.183047406038341,-0.19410403568737872
3.498493772799906,-1.1982438010587733,-0.1916481766950132
3.5280704637705984,-1.209506796326292,-0.18997679182605853
3.5635192636694497,-1.2255189678803586,-0.19007728593035883
3.6007885702392155,-1.2391390238583881,-0.19035592161221204
3.632408027837931,-1.2511133330873547,-0.18972814835979923
3.6601166694396094,-1.2605029156110825,-0.18877254082015751
3.6968011258161844,-1.2763493688659018,-0.18978374834405473
3.727947141272884,-1.2884193747530894,-0.19010449249755113
3.7630420813214345,-1.3030159484336572,-0.18999390119554402
3.7973243399509546,-1.31650899012715,-0.1901400433841477
3.8361076293083753,-1.332626555432361,-0.19005269462790733
3.8681707395964255,-1.3497283372129452,-0.19003942570954363
3.897619782558072,-1.3626722229998292,-0.19113799216921692
3.9325426531288206,-1.3765842255948462,-0.19234308744382103
3.9678380022482957,-1.3911154938619479,-0.19335021560916646
3.994024836937551,-1.4009934477674213,-0.19399462609447304
4.019306863488635,-1.4101460884679136,-0.19923457110433712
4.053331805780577,-1.4262370151450177,-0.21166929455562228
4.080970369687448,-1.4395590594127294,-0.21874286726129447
4.082374590898152,-1.4395330150537764,-0.23613158556702418
4.083149210984669,-1.4405531214976293,-0.250584596020716
4.11077694575535,-1.455900166376631,-0.2526622152981165
4.134601731280344,-1.4714482643797393,-0.2557084097783654
4.158906203665816,-1.487277231617049,-0.27329003685882614
4.165557798137512,-1.492575821382094,-0.29316171944538344
4.194056364987953,-1.5132889174698214,-0.2956365807465858
4.219202564759033,-1.5322387574178202,-0.29655207952262636
4.239620505062241,-1.5481667184565002,-0.2974162807344065
4.273077984507641,-1.5734124995531273,-0.30005717794434345
4.295577292690557,-1.5906905486745682,-0.3009678577338303
4.30765710584881,-1.6006118840159418,-0.3105049790986477
4.323715793571184,-1.6157907117857473,-0.33452007150880186
4.340827451640014,-1.631227408339727,-0.3536801739085463
4.362454213226514,-1.6531658355272612,-0.354969788886582
4.386197195563936,-1.6752903490009854,-0.35858723505940787
4.39944341717901,-1.6899785919285704,-0.35870361344395413
4.4270356792317935,-1.7149047133830544,-0.3594154265366111
4.451662177823661,-1.7372739178762109,-0.35979483707949683
4.475050354988228,-1.760132132624603,-0.3593914243552757
4.4941602760964265,-1.7790560530187247,-0.3598957776904355
4.52560518414684,-1.8093246163178336,-0.3611096210686791
4.55499605338284,-1.8384595937804682,-0.36314617219469186
4.5649447392549884,-1.8536761524342484,-0.36321103465916627
4.59101655005126,-1.8784933950220795,-0.3645061916104739
4.62051272480233,-1.9071779852586495,-0.3661740317100566
4.646646899668203,-1.9332431409009512,-0.3652459215954077
4.672091481738165,-1.9607033762838957,-0.36718082253245005
4.683662606580077,-1.969946127591256,-0.36531946673312243
4.706100740310329,-1.9881910923675081,-0.36481112667133614
4.727392108124317,-2.006918454775299,-0.3632962646705861
4.754091683334799,-2.0306153122314585,-0.3642416339531484
4.774733487261053,-2.0525849541036623,-0.3796795547667902
4.774489714868132,-2.0535804418521306,-0.3996476916084751
4.795603212981017,-2.0789490279020395,-0.40418450047708254
4.818250871196399,-2.1049250425558195,-0.4054535501253491
4.8398640495270335,-2.1297059168884114,-0.40588708053391565
4.859369743491451,-2.15516158875329,-0.4098356900293615
4.879641735326208,-2.1787421789186574,-0.410298044075592
4.896478778544795,-2.1995529920417507,-0.4106962678952946
4.918906707249243,-2.2248754919396356,-0.41124021029034646
4.930782602857862,-2.241862521090249,-0.41038460404336224
4.94885177582207,-2.261119068288114,-0.41184120427717896
4.974337492720294,-2.2892871939521364,-0.4135607237220823
4.992704371275949,-2.3102738563907677,-0.4144153181732065
5.0125607780545804,-2.3315965325945496,-0.4151789124907206
5.0368571158271545,-2.358603965748561,-0.41512247375127576
5.057939555022016,-2.3811893471916155,-0.4155535734536837
5.084984795787771,-2.4103321205101036,-0.4154774015968897
5.103600712376981,-2.4327975071717414,-0.41592433403659695
5.124930892798968,-2.4555630933096557,-0.4157888750264096
5.146707581286457,-2.482623310577579,-0.41820413486454266
5.168645873913987,-2.508937749274781,-0.41990178551514823
5.193048601246718,-2.5364219906104055,-0.42011608303769354
5.2186227485499,-2.5676797026126197,-0.4212430800614654
5.2355714268226645,-2.586863408058792,-0.4186698365693516
5.260484583747786,-2.6137083058462593,-0.42057309443002033
5.275337613995115,-2.633178792328712,-0.4349797672684839
5.281608061277263,-2.640452824711982,-0.45514077402674047
5.288034712733832,-2.652654484180577,-0.4650492797781849
5.309586023709525,-2.684548223785815,-0.46420481448995554
5.327297683450067,-2.7127680673957606,-0.4647544491977855
5.354121548653844,-2.750468147669667,-0.4647972547254863
5.375559969624912,-2.782262256867545,-0.4667178625276179
5.395999497997763,-2.8098191532219885,-0.46657591979119273
5.419059461657371,-2.84474620833118,-0.46813795771519573
5.428204988960713,-2.8605133186991325,-0.4684769941466401
5.448676201503816,-2.89173610243956,-0.46892450791600454
5.465316680927728,-2.9155385978766297,-0.46897556600688506
5.4832314084255,-2.94290641363997,-0.46857629369585513
5.5050415625840285,-2.973402864423975,-0.46705300461766264
5.525145010633611,-3.001284763084043,-0.46761049466577975
5.538951998801076,-3.0233651591061235,-0.4678820339104927
5.556703441605943,-3.049600680981766,-0.46885303376984844
5.578375668634427,-3.0817598397799877,-0.46980644673819205
5.5935602470537065,-3.1070043832571037,-0.4717229175385925
5.606639396984849,-3.1291599563441195,-0.472642089859316
5.623934190116143,-3.1559372822532676,-0.47309717281811736
5.6467140740048,-3.189941145475259,-0.4740790134939002
5.667933955115333,-3.2207204749851477,-0.47377396378659237
5.689557209396085,-3.251555939487766,-0.4754048954965986
5.708712994577926,-3.2798102711582318,-0.4747662049959601
5.730001511971144,-3.3090065448431445,-0.47437855054805195
5.7459484744159015,-3.3336249333413366,-0.47632012751701547
5.760905734467778,-3.359138868834045,-0.4754156353523995
5.7803401877256775,-3.3894307712868823,-0.4748231630074147
5.798229836150023,-3.4182708093812297,-0.47461944734388517
5.812827472847813,-3.4402010072548688,-0.47297978093465687
5.837377052206504,-3.477141118654052,-0.47352728081842654
5.862395836236082,-3.5143424356522552,-0.47520471880636217
5.873636138648025,-3.5382418112170537,-0.47731029177023027
5.897760939828403,-3.5761719016309157,-0.47885256935315845
5.917803658001167,-3.609310681923568,-0.48165709845787424
5.934035450960549,-3.6362738202269504,-0.4854172996706092
5.949580085943203,-3.6629706135389037,-0.4855112502504276
5.970512789838159,-3.697276232962798,-0.487053731743793
5.9847434850390835,-3.722758523714965,-0.4877902067629136
5.99564016578664,-3.741273996100561,-0.4869962972439018
6.011658797482693,-3.7681840385004395,-0.4884105855138932
6.030044493664262,-3.7992713626888057,-0.48710760067753756
6.044064468978513,-3.823544834776254,-0.4872767039205184
6.064603275388538,-3.8557606717550854,-0.48714597387762276
6.085370111181478,-3.8889169262187195,-0.48830159874759743
6.103326672817247,-3.9168516289140998,-0.48737352726463873
6.1223223228717645,-3.9466101845168704,-0.4871274000719983
6.142112092444189,-3.9760914413540887,-0.4862544936936776
6.167036111022836,-4.015476557175271,-0.4880279194315296
6.180405364784053,-4.039190906303515,-0.4884909479748986
6.1978836156896016,-4.0693434150429,-0.48913192922742715
6.214992639907843,-4.097206848300448,-0.4900426249833908
6.232178927786571,-4.125863367965734,-0.49089278101080436
6.247203753410206,-4.151026020294921,-0.4887162137497367
6.2607117373088,-4.171754390664723,-0.4884087542093679
6.274691942012852,-4.194711203998938,-0.4900457759332251
6.285472151265202,-4.214989782075139,-0.48997788663939057
6.308230914126586,-4.25030658468457,-0.48960461169337843
6.327683703882294,-4.283800430961684,-0.488944419040867
6.3494006561092355,-4.31868627681272,-0.49138475479903204
6.371291383961778,-4.355033190941043,-0.4935719638916386
6.387335454674624,-4.379925169386842,-0.4936856118395842
6.4084768174650355,-4.415153881635044,-0.4936330132553923
6.426450819723573,-4.4453180937175905,-0.492603778966261
6.4461952297515115,-4.47922334179048,-0.49454266512901124
6.47128009398065,-4.519879565090825,-0.49727360193623443
6.487067857601284,-4.547621883524583,-0.49796440559181304
6.509349116149645,-4.585913471786925,-0.4992352474669372
6.531200399297996,-4.622316858388282,-0.4998117377049384
6.5444774996847555,-4.645931892018155,-0.5011091603262849
6.5601097167527005,-4.670560165993919,-0.49987029927727844
6.576542495005925,-4.697110280073113,-0.49797692401382754
6.5919297860075945,-4.723371757144964,-0.49867137274573164
6.614013683653249,-4.760604685459126,-0.4962609570268745
6.632855247174087,-4.791731622290929,-0.4963143224629524
6.646433810395495,-4.8142067431072535,-0.49651715685803327
6.66644104992775,-4.848509703339749,-0.4967933761529485
6.682569957997797,-4.874486679086568,-0.4969769977071151
6.699442937011739,-4.904424451682122,-0.49816762794067787
6.72275367064415,-4.940262514295998,-0.498046345008333
6.742470885600907,-4.975920688777849,-0.4990007341613626
6.764217100613562,-5.015590756246695,-0.5009430569997639
6.786386961344712,-5.051501605901446,-0.5004713736279991
6.799867008042262,-5.075761741913026,-0.5013876272377116
6.81114999647732,-5.09470960156131,-0.5011286674540492
6.828343486433807,-5.125239910667659,-0.5018417330321956
6.846100339200959,-5.159559061991981,-0.50154384485669
6.867803387051589,-5.193403775575103,-0.5016452751879008
6.885039664516388,-5.225227562550257,-0.501810398643298
6.900835179880967,-5.251449620262947,-0.5029718829220295
6.9177775066300145,-5.282262852452239,-0.5039683093016328
6.940410699049553,-5.323726353083532,-0.5070328901574825
6.958518878866306,-5.3583288385687835,-0.5087258819303307
6.972102684323938,-5.387911089067672,-0.5082255237454063
6.9906477989364735,-5.4203055302831205,-0.5069517221879332
7.00746030340244,-5.447701341177344,-0.5064229157853997
7.021760490800574,-5.475927113734891,-0.5081911447284548
7.0401698913991435,-5.505415573944153,-0.49104664681697685
7.043857227924983,-5.515585793282031,-0.47785798343458286
7.061389510992661,-5.540405973946423,-0.4755500064059189
7.080945108721804,-5.568328881389129,-0.4741288135591405
7.106933043650416,-5.60729672774981,-0.47551702850836053
7.12086710359484,-5.629058232744221,-0.4743894502190106
7.137695105458371,-5.656925829570863,-0.47470339105780374
7.15709599803743,-5.686252421845626,-0.4759910928724263
7.178594600524314,-5.720243415036216,-0.4762814237407142
7.198686200069398,-5.749753853266707,-0.4754759503062559
7.221384619599492,-5.782643106946274,-0.47419230519764455
7.242985654866668,-5.814931855121023,-0.47443542675035894
7.260148751347503,-5.8405189505111865,-0.476142510988648
7.281982453721983,-5.87264209409169,-0.4775234749697107
7.309649179016328,-5.913858762520685,-0.4789921729781212
7.330372517771742,-5.9482826917804275,-0.4809456875357528
7.342284540127625,-5.968872522935971,-0.480013064740654
7.3581808836158205,-5.997828963533187,-0.48039525025735336
7.379793161724544,-6.0298035590593955,-0.48079840104322646
7.402949852776512,-6.065094674105138,-0.4814825093913393
7.4273765441006985,-6.10211462501628,-0.4816518260839234
7.448701517784523,-6.136223653937672,-0.48278327832924034
7.465989871108029,-6.164111512863873,-0.48446121861395597
7.486934873148128,-6.195569361984814,-0.48410495796243497
7.512882649142817,-6.235004220356184,-0.48336449180488983
7.529944129423694,-6.262887419627384,-0.48238531790161887
7.543336778895853,-6.28706146495998,-0.4831310633272568
7.557970687989771,-6.30952019958847,-0.48270064836739474
7.57544694646088,-6.33725784733779,-0.4833479572502658
7.59116674102214,-6.364169922894804,-0.4827693130150131
7.601349264578402,-6.378177668855477,-0.4814255178576671
7.622631836935604,-6.410646593534756,-0.4818577607846543
7.641589708348353,-6.440281373218059,-0.4807657915183675
7.658511784175067,-6.468155076006036,-0.4820324522581797
7.676240103775324,-6.4952862329251415,-0.4826403208839373
7.698512394546322,-6.529133474836312,-0.4825959085763208
7.7196537084612755,-6.562040109791584,-0.48317160200117215
7.746592653924039,-6.604870875595809,-0.48444090195402356
7.765691443364508,-6.633787844374908,-0.48473479415380266
7.784884401834003,-6.663714484493936,-0.48414436734781163
7.80817756514089,-6.7001925752219895,-0.484951314583452
7.825160535996959,-6.724741327569256,-0.48413469846919477
7.843200471926544,-6.75622219823219,-0.4839633651343573
7.863530154845671,-6.787146810501924,-0.47666332860415056
7.863049103974875,-6.783580556244589,-0.4594441777143231
7.883505094279775,-6.808607232295337,-0.4427699633059559
7.887924790208239,-6.812415421790784,-0.431005846913101
7.895065408701355,-6.817064705855469,-0.4334355208866027
7.919233949497301,-6.8493172463678,-0.4338309696343239
7.9439039023049975,-6.878963043893908,-0.4343995201115425
7.965276000263416,-6.903887091460937,-0.435543639240232
7.988798132958433,-6.935886891033875,-0.4360223984162781
8.01051278407929,-6.963795168726497,-0.43611439394861656
8.030905928336933,-6.990890586572072,-0.4381700251669497
8.052787738189659,-7.016628087773907,-0.438651173378865
8.072779280749149,-7.044176501247122,-0.43809265795293206
8.09685448535837,-7.077641446335768,-0.4376151952084796
8.107682665926909,-7.086509578267485,-0.43613401158072607
8.130911971561932,-7.11532131019827,-0.43509298807644214
8.155036420437005,-7.145860152256036,-0.4357592936372944
8.172384774148194,-7.169688363056209,-0.4368583689363773
8.182410390343735,-7.180073381617771,-0.43834854091096415
8.200056016384657,-7.202179847318659,-0.43731784520718203
8.219344744389744,-7.2245865439264,-0.43778964404341997
8.245859042548103,-7.258059914652974,-0.43593840305022696
8.26665333734147,-7.283527601563649,-0.43661443260638116
8.293630819939484,-7.3182321914115604,-0.43662527787550803
8.315594709535548,-7.34587829150687,-0.43498037201178946
8.338585508675104,-7.377941909513881,-0.4361344360297486
8.363486550816129,-7.410101391639263,-0.43630073227612254
8.380396619601894,-7.431358859902701,-0.4368674659090901
8.398164195838781,-7.448915450585576,-0.43502488555575514
8.424359767425218,-7.483464752562475,-0.4356120706042682
8.44935095525041,-7.5198402500288095,-0.4390304526046346
8.460516743060724,-7.536459719685708,-0.4551905953851899
8.479112380237005,-7.563695676461653,-0.47434609678819734
8.493532771489681,-7.588663637382407,-0.4802571793060185
8.511824081430557,-7.617782013262017,-0.4822806866825501
8.528115588408149,-7.639987286801899,-0.4820214504247356
8.547239623486574,-7.669500131925676,-0.48123815996895425
8.5701640099919,-7.7101600905762195,-0.4812541279739059
8.587591030158453,-7.735889865212795,-0.48181713749288463
8.600441849139681,-7.758130560533191,-0.48254260055292403
8.61351054342727,-7.779952547953737,-0.483228617713399
8.635533934668901,-7.8174034017671605,-0.48393139357522036
8.649089378317264,-7.841861874412517,-0.4847645106386112
8.663531008338005,-7.8686388500297255,-0.48481359834766835
8.678412670046662,-7.891219955852369,-0.48420152319342
8.693203453973801,-7.918973923849355,-0.4844577708448139
8.70486117427117,-7.937731568227112,-0.48440358699777025
8.72241245494955,-7.96676952314352,-0.4842246772768262
8.730643577481064,-7.979347625950207,-0.49627326254147097
8.73500450190403,-7.989316751917216,-0.5140747233678734
8.751334888163738,-8.017922639562654,-0.5190352089161424
8.763503873279365,-8.043459723314227,-0.5181646409136897
8.777093106305323,-8.069224586103408,-0.5174957915956963
8.78488333280248,-8.086724213783206,-0.5167967735072574
8.798776653014386,-8.11581199929239,-0.5180778649435344
8.816522236045294,-8.151087923712199,-0.51877831896917
8.828074764997606,-8.174222788899158,-0.5204349518391982
8.844215044243816,-8.20770437662131,-0.5204993869314923
8.852639643563503,-8.228161646273783,-0.5212964302313079
8.858807119930608,-8.243672313199163,-0.5202945152141006
8.873819250184836,-8.272849577436473,-0.521839586080014
8.882041421586818,-8.28957219826556,-0.520491187007633
8.904086537522353,-8.331001283323719,-0.5205623461629094
8.914055447217681,-8.350198946520504,-0.5198806802953413
8.928712628208299,-8.381081582072465,-0.521690666734099
8.944938048364119,-8.413047284985025,-0.5210747495831641
8.954711737648054,-8.434478373141193,-0.5195961419464299
8.973556003504731,-8.469357498509703,-0.5175263120626737
8.990188345243826,-8.497126181190778,-0.5159372437681402
9.008125662550993,-8.527593035833714,-0.5169808865949481
9.014224656913772,-8.54054360103901,-0.5164306355563706
9.031731498411588,-8.572544631097484,-0.516066236777701
9.04898335601326,-8.606282136675611,-0.5156387023296791
9.063836099203769,-8.6358080486819,-0.5151755522683319
9.0825883491899,-8.669993694212318,-0.5138345340834687
9.093849184597255,-8.69115634252359,-0.5138952334706758
9.112553234246185,-8.727230688677352,-0.5129561704986195
9.126231060412183,-8.753992247707963,-0.5139128938772588
9.146346578558115,-8.790353464772659,-0.5115436879587693
9.16122413543196,-8.81665488153584,-0.5127058478666376
9.180937864435574,-8.860585753001,-0.5145741375791909
9.197800849406345,-8.892354551371755,-0.515336012594694
9.213480554305175,-8.923861869433834,-0.5163249745147528
9.231534902777915,-8.958546696993897,-0.516173920302197
9.248157916294248,-8.989728718631085,-0.518183112017522
9.260900431651692,-9.013199623055543,-0.5181641959780725
9.271179281146372,-9.032466090731457,-0.5179745258194304
9.290020155444454,-9.067364321249743,-0.5174163615404153
9.303733297267163,-9.091679015359562,-0.5160897578508316
9.317733458358248,-9.113392391983446,-0.515850272665749
9.334604616772035,-9.14469785173855,-0.5178155008375807
9.350891656253797,-9.172994740023752,-0.5168914259795896
9.367070632222019,-9.204963082504293,-0.5161860647875706
9.388359770878457,-9.244983898698644,-0.5153149192688593
9.399155385643699,-9.264267199996986,-0.5166188402379289
9.41526494442205,-9.292309038129979,-0.5152368665949882
9.43447884549045,-9.327166444739701,-0.5149121617692874
9.447340213501526,-9.353093290486395,-0.5139261391324759
9.465418291259732,-9.387892374209214,-0.5164565865172566
9.486011505083159,-9.428893321119837,-0.5173660481409873
9.498024483164299,-9.449541594213677,-0.5170509888896098
9.495800204500501,-9.447748432976033,-0.5252699629204105
9.495019227350879,-9.442756477658627,-0.5326555071574011
9.497201528316399,-9.439943955601805,-0.5406071357825352
9.498812560315809,-9.440481155419294,-0.5466467577097845
9.500573790509263,-9.441159262653185,-0.5538777322911279
9.503682008368585,-9.441254751597896,-0.5603882996742795
9.505825945134347,-9.44100438239376,-0.5664022519249938
9.508314687341377,-9.442881773867414,-0.5712488148410463
9.507436491657137,-9.440949067938446,-0.5773414910959594
9.512773975877302,-9.446708561013647,-0.5835561053235621
